3 50
5 10 15
3 100
5 10 15
1 0
101
5 50
30 10 5 5 1
100 21
18 4 34 28 34 37 8 22 8 5 36 22 26 28 9 24 39 15 17 33 15 20 24 7 20 1 35 6 2 39 35 32 9 31 39 8 40 27 20 25 30 2 40 27 13 17 37 38 22 6 5 26 30 6 21 35 39 14 24 33 17 5 40 8 24 17 14 29 15 18 30 14 33 11 20 2 32 27 32 12 13 13 35 6 28 20 38 22 8 39 37 35 21 11 30 14 18 12 22 25 
100 12
28 1 1 23 23 11 37 10 13 6 22 40 21 18 23 9 36 3 40 14 37 1 20 16 20 25 11 37 9 33 2 33 22 8 4 26 34 14 10 19 31 10 4 7 11 6 25 29 38 20 40 33 32 18 13 11 24 9 4 34 29 11 11 2 34 39 32 11 22 2 36 34 6 21 18 2 40 10 2 2 37 1 26 37 12 3 32 9 35 32 14 30 8 27 29 12 31 30 11 10 
100 9
17 29 40 10 15 28 20 33 19 24 15 36 15 29 25 22 37 21 2 34 19 17 24 29 13 40 16 23 6 11 21 29 10 21 16 13 11 1 17 20 4 22 19 35 13 36 17 26 27 37 31 15 32 30 28 35 39 12 16 17 27 15 13 11 17 24 11 17 26 38 30 31 16 20 14 7 18 2 37 35 5 40 40 23 40 15 20 38 26 15 24 22 39 39 39 34 18 5 16 30 
100 28
11 14 15 1 22 38 37 1 6 3 20 1 30 40 37 16 4 3 13 36 6 38 26 6 10 2 37 16 21 29 2 38 23 4 28 17 19 36 10 1 34 14 17 15 40 34 27 32 24 16 17 2 10 3 25 25 1 14 30 33 5 9 24 8 20 7 7 10 19 17 6 29 15 34 28 29 20 21 29 12 23 22 6 21 8 30 19 18 15 21 14 7 29 21 7 17 31 3 5 34 
100 4
13 1 34 37 22 25 28 6 6 26 17 5 9 24 20 3 1 6 39 19 8 20 29 7 1 25 2 19 24 4 26 40 7 35 36 30 37 5 26 20 19 1 32 12 5 27 34 36 24 22 29 1 37 4 22 20 27 3 6 8 28 18 9 16 3 40 10 37 34 21 35 8 24 32 22 9 35 27 34 34 14 35 26 25 10 29 33 35 14 22 20 32 23 14 18 5 9 17 9 25 
100 27
28 13 9 16 32 23 25 40 15 7 31 32 35 13 28 22 37 18 5 28 39 13 11 40 5 26 13 33 9 23 26 3 7 7 20 9 4 25 14 37 26 18 38 21 5 38 15 9 10 30 6 6 32 3 24 23 8 27 28 2 23 20 33 7 15 16 9 20 10 28 40 20 21 7 20 21 38 2 29 31 30 7 19 11 25 21 17 4 38 7 26 19 33 39 2 36 29 9 23 8 
100 13
36 35 14 32 12 19 14 36 40 9 23 14 39 27 26 29 22 14 9 1 4 8 12 39 34 17 19 28 34 31 5 4 33 8 21 27 1 10 18 25 18 26 39 3 21 10 18 36 6 26 31 20 7 9 4 2 22 20 29 19 27 25 16 3 24 12 4 8 7 11 17 26 15 16 23 30 33 39 3 22 28 12 38 25 40 33 11 12 10 3 23 7 36 28 13 7 33 3 33 33 
100 17
20 7 30 40 32 9 3 4 17 35 32 8 15 20 28 19 1 27 25 12 29 37 33 19 18 3 26 28 36 22 27 16 25 9 13 31 20 39 32 36 8 4 34 17 13 14 30 10 12 12 13 25 8 18 21 16 21 32 2 40 30 16 12 32 38 13 1 29 5 38 26 13 22 10 37 26 31 6 15 17 14 17 28 12 1 36 28 11 25 12 20 29 40 29 11 2 5 10 3 2 
100 12
22 30 22 22 15 17 29 21 26 32 40 39 21 18 20 9 33 9 18 23 16 15 23 31 35 33 15 25 23 38 4 29 33 18 20 16 27 19 21 33 33 28 3 23 1 19 9 10 36 18 18 20 5 14 34 24 20 9 10 34 8 38 18 34 13 8 25 27 13 21 21 33 14 29 31 22 34 28 37 38 5 27 23 9 24 33 35 8 20 27 38 1 18 10 38 9 36 15 25 29 
100 7
11 24 38 21 5 4 9 8 32 33 17 19 34 36 1 17 19 15 10 15 2 22 35 25 28 8 21 4 15 27 9 27 15 24 9 10 32 31 3 13 12 23 3 7 27 24 9 36 39 14 1 31 28 2 29 20 38 34 32 15 14 23 31 28 33 10 4 40 36 14 13 16 23 29 6 7 3 11 11 16 13 23 8 16 20 7 13 6 33 34 3 37 31 35 39 21 4 10 10 33 
100 27
35 30 18 22 21 27 19 19 24 11 18 16 4 24 14 19 15 31 27 37 2 32 2 5 1 16 10 27 21 29 9 6 39 3 19 40 10 1 7 16 2 3 28 38 32 39 39 2 6 30 39 15 33 31 28 39 21 13 8 34 15 13 21 7 18 28 7 28 36 6 2 24 5 15 15 25 28 38 23 15 6 3 4 16 16 37 33 22 33 36 25 40 9 40 40 21 7 8 18 23 
100 16
36 25 37 20 40 27 27 2 11 8 8 22 20 4 7 4 15 11 22 2 22 31 30 5 34 22 39 3 8 30 24 30 27 5 27 19 36 24 40 20 17 40 33 30 18 20 12 9 34 2 6 28 3 1 38 17 1 9 9 11 8 33 13 12 22 24 20 17 34 38 2 16 1 22 3 7 28 26 26 10 24 7 14 25 33 36 24 36 4 3 38 36 13 4 5 35 9 27 10 3 
100 29
22 24 10 4 36 4 31 40 39 19 39 1 24 1 38 24 32 37 31 5 12 12 9 24 11 38 25 19 4 29 25 35 39 24 15 17 13 3 27 39 4 10 32 16 31 8 14 21 19 11 37 9 15 38 1 5 28 30 4 21 31 1 26 13 33 5 22 19 34 38 2 35 29 4 17 24 36 26 25 16 29 35 5 29 18 11 4 30 23 16 4 32 33 12 14 5 1 19 39 36 
100 20
31 16 8 28 32 18 28 13 10 23 14 8 3 23 26 29 7 35 7 33 35 18 24 29 21 38 26 1 28 30 7 31 26 37 10 9 40 18 37 24 15 37 5 15 31 4 29 31 40 37 33 25 6 34 10 34 34 32 17 25 38 12 17 6 32 7 9 26 4 36 30 3 28 40 8 9 35 34 14 2 3 24 3 15 24 32 35 36 10 26 12 32 19 15 35 13 6 33 9 13 
100 2
25 1 12 21 14 25 32 35 30 33 16 33 20 23 34 18 5 40 34 23 15 27 15 21 21 8 28 26 16 36 1 12 36 19 17 24 9 27 10 13 16 7 18 25 27 19 31 38 20 23 4 27 27 13 20 17 22 9 25 1 16 19 37 15 4 33 12 29 36 3 36 28 12 20 14 30 35 31 39 20 20 31 24 4 2 3 28 3 14 2 38 20 9 35 40 8 37 34 28 25 
100 12
30 40 30 16 18 30 23 20 7 5 11 16 33 14 13 18 1 12 22 34 11 16 18 6 18 20 22 33 16 19 1 25 11 19 40 8 24 29 31 32 4 17 32 11 40 3 23 10 19 6 21 25 36 27 31 34 4 32 7 4 22 39 26 33 32 27 8 10 6 38 37 32 32 24 26 22 28 28 22 8 32 32 20 22 15 32 26 37 23 27 15 13 25 4 18 38 35 29 1 29 
100 1
10 16 23 13 18 39 38 24 1 10 28 25 39 34 30 11 29 33 27 22 22 19 21 25 31 2 24 14 24 8 28 10 13 1 1 1 21 6 39 4 5 1 22 28 4 5 30 2 40 21 28 33 21 36 21 30 23 23 30 15 15 22 25 18 19 22 26 15 39 21 19 25 8 32 40 39 6 28 25 39 34 4 11 19 18 5 25 33 26 31 15 4 12 34 20 9 20 32 39 39 
100 13
34 40 40 11 2 6 31 4 12 28 17 6 37 5 28 33 26 34 27 8 8 24 12 1 27 1 20 28 21 31 18 39 17 37 12 32 21 38 35 33 36 6 34 13 9 10 5 28 12 35 17 10 19 36 1 38 4 19 39 12 34 27 37 19 20 40 9 6 18 29 21 39 7 1 24 7 28 24 26 35 17 24 17 27 11 11 5 34 39 25 35 24 4 11 35 24 21 37 34 17 
100 12
39 10 2 39 9 27 25 40 8 7 13 8 4 27 29 14 39 36 34 15 3 35 30 14 12 39 8 11 34 37 4 3 40 9 32 10 39 21 31 17 39 17 2 9 2 35 25 37 38 36 22 32 28 40 22 32 26 32 19 28 12 1 33 39 4 36 30 5 38 35 40 33 11 29 29 20 19 23 5 5 2 12 10 22 13 28 5 7 38 38 40 32 22 2 1 14 36 6 14 17 
100 19
10 21 21 21 1 24 27 1 18 10 33 36 19 4 34 19 12 34 14 39 26 36 34 36 11 34 9 24 37 4 4 16 34 31 19 22 13 34 29 11 11 40 10 26 38 16 29 20 25 13 19 22 26 13 17 26 37 11 31 37 24 16 1 34 19 34 6 36 28 9 27 30 17 18 14 25 29 30 17 37 19 25 3 17 12 15 17 34 19 16 14 8 4 40 18 32 30 34 38 27 
100 10
3 35 9 21 15 12 7 2 7 10 15 16 39 17 5 13 27 2 2 35 14 24 29 40 27 3 16 31 24 12 16 2 25 12 19 23 25 39 40 23 27 29 18 13 21 34 18 5 34 27 9 4 12 10 31 30 8 39 24 28 20 29 11 29 25 14 28 13 38 26 11 26 17 23 7 25 24 8 35 27 6 36 16 18 39 32 6 13 36 3 37 1 17 19 13 11 34 29 16 16 
100 12
33 13 4 17 15 31 19 9 11 31 2 40 15 19 27 18 15 32 15 39 40 14 35 37 23 39 28 3 23 5 35 19 4 26 18 29 24 8 9 13 38 21 17 3 39 3 12 28 20 18 28 14 19 27 9 3 6 30 15 19 26 31 22 13 2 11 21 18 7 37 5 13 35 18 20 7 11 24 4 20 31 13 38 5 16 36 30 28 17 20 19 25 12 38 30 23 36 14 12 33 
100 30
34 2 18 26 40 39 32 18 37 5 7 32 19 7 2 23 32 19 21 7 36 24 23 20 2 36 39 7 8 34 17 38 40 8 21 34 25 4 32 18 13 11 9 26 33 37 33 14 26 19 40 20 6 33 15 10 1 14 34 26 37 5 36 22 14 32 31 35 15 5 39 28 36 12 27 26 34 26 22 27 33 9 14 31 12 39 17 18 12 13 29 25 5 36 12 39 19 14 38 22 
100 9
10 10 30 7 24 27 21 28 39 33 8 29 25 1 38 12 5 3 37 35 35 6 35 5 12 3 27 30 4 20 25 4 9 1 11 20 10 26 34 22 23 1 23 32 19 20 5 26 14 12 8 1 18 25 16 31 10 2 30 33 18 12 26 15 6 26 32 1 21 15 13 4 6 17 30 24 28 32 19 2 39 40 6 6 28 24 38 30 25 8 30 27 6 9 38 25 35 7 15 2 
100 27
7 17 1 4 15 38 5 39 25 23 31 25 33 13 12 26 22 30 9 39 29 3 5 21 3 22 28 13 18 36 6 39 39 28 39 26 32 38 13 34 26 13 7 38 38 18 12 29 2 23 35 32 3 3 15 21 4 12 25 29 12 7 29 39 31 34 7 39 31 25 36 26 20 13 37 12 35 9 28 21 7 17 24 37 34 33 8 10 17 38 11 17 11 1 22 35 21 1 34 37 
100 6
31 17 7 7 1 23 32 27 34 22 11 39 10 22 8 29 23 37 1 20 35 35 33 4 11 32 28 8 36 31 7 1 16 12 14 24 9 32 27 20 7 32 39 32 1 31 7 39 34 21 20 22 3 12 26 34 17 36 38 31 3 1 35 37 5 24 9 25 8 30 13 31 40 28 35 32 32 35 17 18 11 18 8 24 26 38 6 35 31 29 3 15 25 16 18 33 13 4 19 17 
100 13
5 19 16 20 25 17 13 27 39 20 33 40 16 12 20 33 17 9 23 15 39 21 19 30 25 6 36 13 29 13 18 40 38 4 35 35 18 1 18 34 8 4 11 21 12 26 15 40 13 11 38 17 29 28 6 32 38 1 23 7 35 40 2 27 24 13 19 10 1 12 39 21 18 3 26 36 12 11 22 26 16 18 25 5 26 1 35 36 16 18 17 6 35 21 13 2 35 13 5 14 
100 0
7 3 16 3 35 20 2 10 35 29 18 30 36 33 10 5 32 26 26 31 13 35 9 20 16 17 18 28 11 25 5 10 38 24 17 7 38 1 28 39 6 14 20 4 33 28 33 31 19 8 31 15 31 13 30 34 1 3 30 9 6 12 2 15 28 37 26 1 26 38 21 24 2 17 34 37 15 12 36 25 31 34 16 40 11 34 40 21 34 5 33 20 22 27 9 25 16 40 16 20 
100 3
4 30 23 28 20 40 20 25 12 25 36 20 31 33 34 5 32 9 12 40 32 13 10 29 39 25 38 29 39 17 15 17 20 18 14 3 7 5 31 13 6 9 27 17 7 33 21 15 14 9 10 34 15 26 23 8 20 9 5 10 7 9 2 7 9 31 40 2 23 10 36 32 19 14 34 36 16 12 10 5 3 27 37 25 9 33 38 32 18 6 7 16 24 37 26 15 32 2 27 14 
100 27
38 12 10 39 3 34 1 37 2 22 21 35 28 6 23 29 27 7 16 23 20 7 12 24 6 37 6 4 33 22 8 23 26 30 37 11 7 3 3 6 6 30 2 11 13 35 33 4 9 2 6 39 19 9 36 4 23 39 22 23 7 8 19 19 21 8 25 25 2 9 25 37 39 38 15 17 32 5 35 25 7 21 21 16 17 29 38 21 37 23 2 2 11 10 40 10 2 15 17 2 
100 29
29 28 7 38 7 9 4 35 31 13 33 9 34 28 3 7 31 1 1 33 4 7 13 6 5 37 13 16 26 32 13 37 16 8 20 4 16 38 30 22 14 11 22 5 31 11 17 12 22 18 29 6 17 12 37 7 26 28 11 34 25 39 2 7 33 37 7 14 35 7 14 22 17 32 4 6 2 2 13 18 35 9 10 4 11 16 18 38 3 18 17 4 8 19 4 16 12 4 40 11 
100 24
12 31 17 1 18 30 6 19 27 34 31 12 28 27 14 12 38 18 32 7 10 38 39 8 3 2 37 38 28 37 4 39 32 15 11 1 22 26 6 21 6 14 38 28 35 4 2 33 27 39 3 32 11 2 6 21 24 12 23 7 32 24 25 34 35 3 16 1 37 23 30 11 28 25 36 13 15 28 8 35 6 26 20 20 33 31 12 33 20 40 19 13 21 6 31 37 4 19 38 11 
100 5
31 34 11 6 17 21 11 25 39 24 16 18 22 15 13 2 28 4 17 6 32 27 10 12 5 3 23 7 26 15 23 2 15 33 36 1 26 28 3 11 10 13 9 31 38 5 34 4 7 39 3 1 10 6 14 29 38 6 35 18 23 6 10 18 39 2 33 11 15 3 31 5 35 6 40 31 1 15 16 21 4 30 19 40 21 19 1 9 26 11 3 33 2 24 17 32 24 29 6 4 
100 13
20 6 12 9 19 18 30 14 12 30 5 4 26 31 10 5 13 23 39 8 22 12 10 36 23 36 30 34 4 37 39 36 9 3 18 31 12 25 18 20 14 3 18 15 1 32 12 4 15 40 12 31 38 33 21 17 31 28 36 4 30 6 24 33 7 9 12 27 6 9 17 2 2 32 3 40 11 2 5 8 18 31 5 24 26 17 3 38 10 17 7 25 13 38 26 17 22 20 4 1 
100 14
19 38 7 28 16 9 33 20 39 13 13 9 2 16 34 8 3 37 6 21 24 32 20 20 4 5 19 40 26 23 16 29 11 26 32 5 33 24 5 21 17 18 20 18 25 11 29 35 32 5 30 5 33 12 5 5 18 10 31 2 8 22 34 24 12 34 35 21 7 19 23 24 34 20 30 3 9 6 14 14 36 27 35 18 29 8 6 26 5 29 15 30 40 26 37 26 7 30 25 5 
100 1
15 6 40 36 32 3 12 30 33 10 6 38 32 24 13 34 27 13 17 26 28 9 30 35 9 26 8 36 36 33 33 30 26 7 7 22 25 9 35 2 30 36 19 7 3 20 19 37 11 19 10 1 4 26 16 17 2 31 28 10 9 13 32 19 39 30 38 23 19 7 9 7 29 25 17 16 20 22 12 4 3 15 35 21 40 15 40 27 30 17 13 2 9 10 19 37 21 1 3 21 
100 2
21 17 2 40 3 24 20 21 23 11 5 30 3 31 31 6 37 33 17 33 16 24 32 18 17 33 38 34 4 6 31 29 9 9 9 9 35 16 10 1 7 31 24 2 4 27 8 6 34 30 5 3 36 16 32 1 28 39 6 18 10 19 9 31 34 40 32 16 32 18 35 32 17 16 11 10 10 10 17 29 27 34 29 10 7 12 13 8 15 15 9 7 20 24 5 35 9 21 7 37 
100 30
9 28 5 1 21 3 8 40 38 25 36 2 40 35 32 25 10 33 9 18 14 13 29 6 8 13 2 2 7 10 14 33 19 20 13 3 37 14 12 31 16 14 25 9 7 30 17 19 31 27 20 26 28 11 12 31 25 38 5 26 38 4 14 18 37 1 16 11 13 11 30 2 34 30 23 10 32 14 35 34 35 29 35 8 22 1 39 30 8 11 25 34 18 9 27 10 28 19 16 37 
100 4
12 23 23 21 11 6 40 9 29 40 21 32 16 32 32 22 28 2 4 18 26 21 18 5 13 27 9 34 36 14 7 13 38 25 4 20 7 24 14 4 29 11 21 31 32 21 33 24 17 27 37 38 24 28 7 14 4 23 30 37 20 28 33 6 5 31 29 34 7 23 4 31 13 19 38 17 7 14 26 38 18 21 33 16 35 9 6 35 26 33 26 14 29 14 19 19 37 3 28 33 
100 19
6 14 11 16 29 13 18 33 1 7 35 7 16 29 4 14 26 35 4 29 2 19 31 30 18 40 4 4 40 32 11 26 9 9 14 29 39 18 29 18 30 37 10 38 18 32 28 32 38 7 33 29 20 29 27 20 5 11 40 10 31 7 29 29 40 25 38 16 2 38 18 6 21 3 16 16 29 12 12 37 15 30 19 3 9 35 6 1 33 39 27 15 30 20 4 6 18 1 37 40 
100 4
15 8 36 25 38 35 17 17 4 19 12 19 6 21 25 16 21 39 12 6 36 34 38 10 32 22 2 24 36 20 2 9 6 33 31 22 26 19 5 30 11 9 37 10 19 16 8 40 37 16 40 13 22 21 13 6 9 29 23 5 20 32 17 17 23 5 26 15 33 6 34 11 40 35 11 26 20 28 19 21 32 16 29 20 14 3 38 15 30 8 4 3 23 9 13 25 4 20 36 23 
100 17
20 23 38 8 29 36 34 19 11 10 11 35 9 26 35 33 8 15 19 21 23 16 16 32 26 9 24 1 39 7 40 28 13 27 38 11 7 9 26 25 4 16 25 1 27 8 24 22 31 17 38 25 25 31 13 27 18 5 38 9 39 34 8 25 37 21 13 20 5 36 19 28 23 14 40 3 14 22 35 3 15 8 25 10 3 9 14 27 31 4 36 5 3 7 3 13 29 36 39 37 
100 26
3 30 27 15 33 25 21 28 29 37 36 21 18 9 16 15 32 10 15 2 5 14 15 40 21 33 26 5 40 11 14 10 21 5 15 5 14 38 31 9 21 18 21 24 35 33 40 24 15 28 16 2 30 13 40 4 21 29 4 3 7 9 9 22 3 33 22 4 29 32 32 16 34 28 22 5 4 7 20 6 28 3 35 36 34 1 3 39 6 19 35 39 19 13 40 2 14 28 19 1 
100 0
25 4 29 1 23 9 4 18 30 3 4 18 31 1 18 24 7 23 37 11 31 13 23 27 33 25 7 37 18 6 16 28 7 31 34 22 7 2 18 39 10 1 3 6 8 4 22 4 38 25 32 19 38 4 22 1 16 11 3 39 2 16 10 3 40 8 32 21 28 21 32 40 35 10 21 10 28 9 19 8 6 18 36 33 18 34 26 3 22 29 36 23 24 7 8 39 32 33 1 12 
100 29
13 4 39 8 33 26 4 30 6 21 8 22 21 17 35 39 28 10 32 1 11 5 29 11 30 20 20 19 38 37 3 31 1 4 32 1 23 12 37 36 22 37 24 27 37 11 10 5 29 1 15 23 6 8 14 40 20 35 35 23 37 33 18 21 19 27 34 17 7 9 30 24 4 26 8 21 33 22 28 10 24 6 21 12 9 40 2 29 39 9 13 24 13 8 18 19 7 38 1 3 
100 4
27 35 38 34 25 6 15 13 11 23 39 36 31 9 7 33 31 26 8 38 23 30 14 8 12 39 37 2 23 29 13 36 36 31 25 19 8 29 4 39 28 8 40 16 29 10 14 10 3 24 17 37 1 18 3 36 17 38 26 2 28 4 34 34 17 4 35 14 37 39 2 27 29 40 36 10 8 10 30 33 6 39 12 27 18 25 29 8 39 6 11 37 19 1 10 17 23 33 29 40 
100 26
29 26 12 25 37 21 21 35 9 36 8 17 17 13 1 8 29 30 38 23 35 19 21 1 14 36 39 8 7 25 12 5 40 31 12 36 37 33 33 37 33 26 5 23 8 32 26 17 27 11 17 29 2 14 2 20 34 23 12 19 31 20 18 10 1 25 23 19 37 34 4 2 27 24 35 25 7 3 6 21 15 13 29 9 18 23 36 32 2 21 11 30 8 22 11 39 10 20 33 4 
100 17
30 3 16 35 2 31 6 10 18 18 21 13 36 5 39 32 23 20 19 2 19 23 13 31 21 17 27 21 24 27 34 18 19 19 36 22 12 13 16 34 10 22 11 16 20 30 1 33 18 13 37 16 40 25 31 5 8 39 18 15 29 24 3 7 37 24 20 39 31 16 3 19 1 23 5 3 31 33 15 4 25 40 37 16 17 34 21 18 25 36 14 40 4 35 23 12 12 1 37 39 
100 27
15 12 37 15 21 38 29 11 19 14 10 3 4 34 3 13 29 21 4 35 39 22 23 16 13 38 39 28 39 7 36 20 9 21 15 9 1 11 23 17 23 37 35 8 3 6 10 17 30 10 4 35 27 14 38 14 9 34 31 33 8 36 33 22 10 25 8 4 26 7 5 18 36 24 14 31 20 2 2 22 34 37 33 17 38 33 18 9 1 34 26 34 9 33 33 18 38 36 34 33 
100 26
33 2 22 21 11 6 9 22 30 10 25 35 35 18 13 6 37 36 37 9 25 22 34 26 1 12 35 29 36 30 40 21 31 32 5 7 36 2 4 10 39 34 19 30 37 27 1 24 27 34 19 8 24 6 31 26 16 26 39 29 25 18 40 15 4 15 26 35 29 9 11 7 34 21 34 34 6 25 14 38 16 23 11 4 30 8 17 31 10 38 1 40 26 10 11 29 19 7 30 12 
100 8
24 24 28 14 23 38 35 8 19 36 14 14 17 5 18 7 7 10 19 27 16 1 25 21 16 36 39 6 2 14 28 18 18 5 4 12 29 28 17 20 20 25 31 35 20 26 26 1 21 14 15 37 17 34 5 25 13 27 33 5 24 6 16 6 37 5 24 30 4 35 3 22 6 22 30 37 31 28 10 11 29 22 6 22 34 37 9 25 38 1 11 5 17 24 11 10 38 30 34 5 
100 17
12 38 5 3 36 10 6 6 2 32 13 29 5 33 25 31 20 18 21 8 1 34 16 38 31 24 33 34 40 35 11 37 17 2 4 21 24 36 18 40 18 12 4 19 36 13 35 10 18 19 8 15 2 36 4 16 30 32 27 3 33 19 9 10 37 1 36 34 11 34 3 23 7 26 16 24 32 15 10 18 6 39 39 10 12 27 30 27 34 4 34 36 5 32 17 27 14 19 29 3 
100 13
26 14 19 29 19 36 22 23 22 10 36 18 15 9 21 34 40 20 11 31 6 3 14 24 24 29 29 25 4 26 9 22 10 22 22 21 24 15 29 10 22 23 18 39 14 26 1 38 24 27 16 17 14 13 3 23 31 14 37 30 19 17 1 4 5 35 26 31 27 30 27 3 22 27 5 23 36 38 33 38 8 37 10 6 32 2 23 30 36 13 24 2 21 11 33 29 25 1 20 23 
100 17
10 34 11 14 13 26 40 22 24 6 39 8 37 30 14 1 21 38 18 16 16 1 5 34 26 21 34 17 12 18 39 30 39 32 11 12 16 8 24 21 34 14 36 34 25 26 21 15 9 28 32 22 38 21 13 12 37 40 7 36 25 10 38 32 21 12 39 30 20 4 11 35 10 37 12 37 31 21 35 9 13 31 1 8 28 11 1 23 33 16 31 1 14 33 16 15 21 34 17 13 
100 22
4 3 19 26 6 31 38 18 18 25 26 40 12 4 9 20 34 36 36 2 3 8 40 35 19 16 1 2 4 39 17 31 5 13 11 39 24 21 2 23 38 24 15 4 32 29 19 15 37 9 26 27 20 16 29 22 3 34 11 37 2 5 4 3 29 18 39 12 32 9 4 24 8 19 11 34 14 40 32 26 18 28 21 10 12 32 3 5 22 14 5 15 35 39 28 36 6 17 18 20 
100 30
29 29 1 26 31 9 23 6 36 30 38 3 9 28 9 13 10 14 18 28 26 20 29 35 19 34 25 8 5 30 32 36 28 35 8 24 30 39 9 8 17 35 34 30 33 14 11 7 12 36 27 7 25 26 27 36 14 7 34 12 30 11 36 35 9 23 34 4 35 36 19 17 8 7 17 5 6 36 9 16 39 32 15 18 3 31 32 9 27 17 7 27 20 13 24 19 10 40 12 22 
100 23
1 4 11 32 38 2 10 13 7 4 35 3 5 5 36 40 26 14 34 25 2 23 40 20 10 4 37 14 21 40 28 8 13 36 6 16 7 4 15 5 14 2 24 24 29 37 14 2 5 24 27 12 10 5 29 26 38 32 17 30 38 19 31 4 2 16 7 38 21 1 12 27 31 27 3 20 7 16 28 22 8 39 19 10 36 4 18 1 3 26 20 30 30 22 16 40 28 27 39 3 
100 18
34 12 18 10 13 18 33 19 3 20 29 29 22 31 36 39 15 13 30 24 19 11 10 34 37 12 4 23 16 15 37 37 2 5 16 7 40 4 4 23 29 16 37 5 40 25 8 26 12 1 5 28 31 32 31 29 5 13 40 25 30 27 2 9 38 19 34 34 9 21 30 28 9 4 18 17 13 32 37 17 26 16 27 18 16 36 1 37 25 14 27 29 32 40 40 35 38 6 9 13 
100 10
26 20 36 36 2 10 21 29 14 30 38 1 21 32 16 5 11 24 26 12 36 24 39 17 34 18 39 38 34 11 14 36 37 31 17 39 38 36 5 34 17 5 7 36 9 39 39 35 28 17 15 37 40 4 10 8 8 6 40 31 36 11 31 30 28 22 13 26 20 20 28 13 6 35 35 6 12 23 25 7 29 32 29 31 21 20 17 23 31 22 28 11 28 24 34 22 34 9 9 32 
100 28
29 32 33 20 5 26 11 4 18 32 40 24 1 17 12 32 18 10 30 15 22 10 35 18 12 25 4 21 28 17 33 9 32 34 18 4 19 11 30 5 27 40 37 29 6 12 24 39 36 2 35 13 26 32 7 19 14 21 22 12 17 37 4 24 6 18 17 36 2 36 15 10 29 31 7 18 25 40 33 8 19 9 17 3 23 5 21 16 10 23 15 10 1 23 36 11 26 8 11 13 
100 7
13 29 24 15 19 38 39 7 15 38 5 28 19 33 39 29 15 6 17 22 14 19 30 33 7 27 25 17 20 29 25 2 26 29 14 37 5 25 12 39 5 34 27 21 22 8 22 28 38 40 30 35 8 15 13 39 25 18 40 40 33 17 28 11 8 28 19 25 6 38 39 34 17 12 27 7 14 37 13 3 22 9 34 18 32 10 38 27 17 26 20 23 36 13 21 39 10 19 20 22 
100 13
2 13 13 18 7 1 34 36 36 12 39 36 39 38 2 33 32 33 33 5 18 39 9 2 9 12 18 8 23 7 4 37 39 40 12 25 10 10 3 21 5 9 15 3 25 15 31 3 33 39 11 33 37 15 20 18 31 36 32 18 27 8 26 10 25 22 18 18 2 36 21 7 7 38 18 34 35 13 29 9 2 13 21 26 24 9 36 26 20 10 38 22 9 26 28 27 15 11 39 3 
100 20
15 9 21 9 3 13 24 23 9 25 21 14 7 19 30 19 31 34 8 1 35 21 34 39 40 16 25 17 37 3 11 20 27 15 22 34 26 16 18 13 37 4 15 3 6 16 17 6 30 4 32 20 34 24 34 9 27 29 22 21 5 31 20 29 26 15 4 36 9 23 23 33 39 14 25 28 15 7 4 19 20 4 3 8 13 27 9 22 32 18 29 15 19 16 10 22 8 24 4 6 
100 16
29 7 23 2 28 22 13 34 15 23 25 32 24 17 32 6 35 24 5 36 13 19 14 14 10 21 29 27 14 11 27 18 14 10 6 19 11 3 23 36 9 3 23 12 34 29 30 27 18 29 23 17 24 8 14 24 20 3 26 7 19 25 5 29 9 28 24 34 7 30 4 3 19 20 7 1 40 4 2 38 34 25 1 9 1 13 27 7 15 30 23 36 1 39 26 20 34 33 6 18 
100 18
31 11 23 37 28 22 18 5 4 5 24 12 6 1 11 40 7 8 2 14 1 24 4 4 4 31 40 21 18 34 4 12 20 16 14 16 25 35 29 25 11 13 26 30 39 9 24 23 13 15 26 20 7 13 25 38 9 31 29 13 36 38 17 34 3 20 28 3 20 21 17 30 22 30 39 20 38 23 38 25 40 24 14 20 17 38 36 10 2 11 24 9 28 21 16 18 25 4 38 20 
100 6
7 37 19 22 34 26 17 20 6 34 28 32 35 17 40 36 10 26 35 16 40 6 14 29 30 21 16 37 31 14 4 20 35 15 39 9 11 40 1 15 28 4 16 28 7 35 35 3 37 2 13 19 32 40 1 28 26 32 3 33 21 4 20 39 20 2 22 38 24 19 1 32 31 10 1 7 18 13 23 28 16 40 27 16 17 16 3 28 21 5 26 15 26 8 7 21 35 38 18 30 
100 6
24 1 14 20 9 25 16 9 11 21 20 2 38 27 6 33 38 17 33 32 7 2 27 35 39 3 29 2 30 17 23 37 13 13 30 31 20 17 1 21 28 40 22 31 30 22 5 24 27 24 10 8 8 3 4 5 28 17 12 6 7 24 23 30 29 31 26 11 24 31 10 36 14 7 31 6 32 30 20 25 27 24 11 21 27 19 22 36 10 21 34 31 23 25 35 22 27 1 35 2 
100 8
12 19 39 12 33 8 28 2 5 5 11 16 22 22 15 29 7 18 6 19 14 3 30 17 21 9 29 22 32 7 25 32 4 3 16 2 11 20 30 28 12 22 20 7 29 11 20 33 25 17 30 12 12 3 27 3 19 17 2 26 38 12 30 18 7 26 30 22 40 33 1 13 1 39 20 14 26 13 27 4 21 36 22 9 18 8 14 11 12 12 28 5 15 31 23 24 33 38 29 10 
100 17
25 40 8 3 23 17 5 40 35 30 36 14 37 24 6 5 1 10 8 1 31 16 14 13 33 6 3 3 25 15 11 22 37 15 26 36 8 3 14 29 2 9 22 2 40 10 23 6 2 17 16 28 3 35 2 4 17 27 37 27 10 22 26 36 12 7 13 32 13 22 20 35 3 1 12 26 16 25 16 32 39 22 4 37 22 14 27 4 29 33 24 7 2 29 3 18 15 2 1 39 
100 12
35 11 24 39 8 12 25 14 30 5 32 28 3 27 6 34 3 15 6 31 8 12 30 3 32 5 4 6 29 13 4 25 13 33 40 34 17 9 35 10 21 17 1 37 3 21 30 3 3 33 18 24 32 17 21 7 16 38 21 23 30 30 3 30 26 16 19 24 4 32 36 36 7 20 26 28 16 14 16 30 1 5 11 6 18 12 15 28 28 21 16 7 36 35 16 40 7 30 4 19 
100 7
7 40 31 29 22 4 14 22 4 26 29 27 40 16 17 1 3 5 29 30 2 33 32 4 8 34 29 30 1 24 20 13 1 15 35 34 16 37 38 36 5 18 26 6 4 26 3 4 31 28 13 27 34 30 36 13 11 40 32 28 17 24 17 25 6 23 18 2 35 20 17 14 9 24 30 21 28 17 9 18 35 17 9 29 4 16 11 31 5 2 32 34 9 29 28 3 22 1 22 39 
100 26
33 3 36 39 5 19 25 27 28 31 8 14 16 6 1 12 34 4 28 18 30 18 29 40 27 8 26 27 33 18 21 24 11 35 34 39 4 40 4 17 4 2 7 23 19 25 29 31 15 29 8 38 22 20 13 8 31 5 27 26 40 6 9 21 5 3 1 9 39 34 6 7 19 32 11 34 24 5 10 25 34 18 20 16 33 33 1 19 9 13 21 33 19 8 10 3 25 18 37 1 
100 17
17 18 32 11 40 12 38 11 38 22 13 16 34 7 8 4 18 2 18 17 38 36 20 10 38 22 5 27 29 20 6 8 17 38 28 27 37 25 4 20 20 33 30 5 13 5 20 12 16 22 7 30 22 37 26 24 34 40 14 24 3 36 14 4 8 35 26 37 31 35 33 19 2 20 35 23 37 40 20 16 22 7 31 28 36 22 24 33 26 27 25 10 32 11 33 17 40 28 24 17 
100 2
27 10 27 3 13 39 10 28 21 38 19 32 16 6 7 34 28 17 33 23 16 30 22 29 35 15 38 26 31 27 39 14 19 30 39 6 9 12 24 7 7 25 5 24 5 27 6 3 9 30 25 38 3 19 31 40 1 35 36 37 2 34 14 36 38 23 21 12 15 28 25 14 24 4 6 1 38 1 5 40 34 24 17 38 4 35 24 8 32 3 26 18 40 22 7 27 22 10 1 11 
100 4
18 33 30 11 38 1 4 9 7 22 35 32 38 17 33 26 32 22 27 25 10 3 39 3 10 15 2 22 27 19 11 21 37 35 25 5 25 7 28 21 15 4 25 22 5 38 26 3 13 38 1 18 40 26 8 27 35 9 22 31 20 13 36 39 32 18 38 25 25 4 39 10 32 27 32 20 5 13 11 2 20 5 15 32 11 32 36 8 30 27 3 20 25 2 16 2 18 6 16 25 
100 1
20 7 36 9 5 26 14 2 25 39 20 31 1 24 1 8 32 10 37 22 29 28 31 37 10 4 30 9 36 10 15 31 14 30 10 37 28 38 2 22 18 12 6 20 27 31 13 29 31 31 16 34 23 40 40 22 36 4 28 24 38 3 34 4 22 38 21 40 12 35 34 31 21 32 38 3 20 32 2 34 7 27 11 5 21 16 22 12 26 10 14 2 25 34 26 21 26 2 12 5 
100 5
15 19 31 30 15 2 2 32 35 35 23 21 35 35 28 2 1 30 11 3 30 19 25 8 20 37 37 35 37 17 23 38 2 12 25 34 23 28 39 29 10 23 30 27 39 31 32 35 10 37 10 15 31 21 29 25 32 21 11 1 29 36 14 6 3 23 7 31 31 29 25 22 17 18 27 13 19 12 14 10 27 21 14 27 7 2 25 28 33 39 21 24 33 20 22 15 33 11 40 35 
100 13
29 32 39 31 16 38 3 15 9 5 14 10 14 38 29 39 25 11 30 19 1 11 36 28 28 37 11 24 17 10 27 14 38 14 30 7 9 35 17 37 7 30 24 4 20 33 24 37 36 20 8 2 32 23 2 26 32 23 40 39 16 3 40 5 28 38 33 2 22 15 2 1 40 26 23 38 36 1 17 18 1 36 4 9 20 6 7 33 8 3 1 37 25 23 20 2 24 16 18 15 
100 13
35 31 5 37 14 6 5 11 32 12 39 16 1 27 34 32 24 28 11 28 28 33 19 20 30 28 16 10 12 35 6 39 26 15 2 8 6 1 24 35 31 14 39 28 2 24 18 39 12 7 40 2 6 24 1 19 23 12 37 12 24 21 3 22 29 11 23 7 33 2 10 10 21 24 33 11 10 4 34 6 6 22 8 34 23 30 28 22 37 19 33 35 7 40 23 21 37 32 2 9 
100 1
35 32 28 34 37 38 33 25 38 21 29 10 40 16 36 6 8 32 21 40 33 28 7 6 40 33 20 15 8 30 21 24 37 17 29 16 10 28 25 7 5 21 9 25 9 20 29 21 12 9 23 7 12 11 28 40 6 35 21 21 3 3 9 7 38 17 7 6 18 21 31 9 10 6 34 32 5 22 23 13 9 15 20 38 5 2 33 27 32 7 29 30 11 18 13 5 17 17 9 16 
100 20
22 14 17 14 2 25 37 31 40 27 5 40 8 15 30 28 26 20 32 35 16 11 34 32 20 29 34 4 13 5 1 34 7 28 32 34 3 38 17 8 12 35 32 34 28 27 4 9 40 27 19 2 30 40 32 38 34 6 27 36 25 14 16 12 17 7 1 26 7 7 13 34 28 24 27 22 2 15 12 14 4 36 21 10 15 20 7 19 34 12 12 3 27 20 9 12 14 15 8 22 
100 24
21 25 29 2 16 39 5 23 21 20 11 13 16 29 38 3 2 6 20 36 22 21 15 10 13 33 32 23 32 3 13 17 36 9 8 17 17 13 11 23 25 15 9 31 10 22 26 28 9 20 21 1 34 24 29 28 35 10 34 37 33 5 2 9 30 38 21 7 14 38 18 21 32 19 18 22 22 39 33 24 32 37 17 22 23 11 5 3 12 14 33 2 17 3 31 27 37 19 6 15 
100 6
18 21 36 6 13 35 27 2 20 21 7 16 29 27 32 3 3 5 27 13 15 33 3 39 18 20 24 6 22 11 25 7 24 15 13 39 38 28 19 14 19 6 8 35 34 21 21 11 29 10 20 10 18 7 14 17 32 21 7 36 8 28 4 3 9 10 24 32 13 2 32 27 22 7 11 16 10 40 36 32 32 20 21 25 25 22 16 16 15 40 8 38 18 1 22 32 18 40 2 29 
100 4
22 3 25 7 28 17 18 34 39 34 26 31 24 33 13 9 40 35 31 10 25 40 32 40 17 36 31 34 19 13 2 29 27 34 34 37 2 22 25 23 24 30 24 18 18 18 6 32 19 24 18 34 11 18 6 33 34 20 9 9 13 2 40 32 8 18 30 23 4 18 19 38 11 38 38 39 9 18 24 20 9 24 28 8 18 30 4 39 29 32 7 16 25 9 40 15 30 25 22 35 
100 11
21 27 17 30 15 21 33 37 2 4 28 39 28 2 27 21 34 27 30 27 22 20 22 27 10 27 37 2 15 10 1 31 28 32 5 11 7 3 32 33 38 4 23 20 35 2 29 17 25 1 3 40 34 3 18 18 22 30 22 27 19 18 13 33 37 36 8 14 29 17 23 3 10 5 28 40 9 4 8 1 7 2 39 26 12 38 38 8 24 22 35 39 20 27 7 39 8 12 40 25 
100 3
3 18 9 36 23 40 23 22 26 38 7 32 21 15 2 38 29 12 26 22 14 18 14 38 1 15 32 23 1 28 33 36 23 24 31 34 16 36 31 1 20 21 39 3 18 6 28 12 20 5 15 12 7 26 17 28 3 18 35 21 10 21 14 31 33 15 7 3 4 34 38 8 27 2 7 20 9 15 6 17 1 14 34 13 28 16 24 36 40 36 22 32 40 34 38 22 2 29 16 19 
100 3
13 34 3 28 13 6 16 3 16 6 31 3 37 34 34 34 20 13 34 12 9 34 4 39 35 28 39 4 30 9 34 3 23 8 3 27 23 3 7 24 6 30 20 2 37 17 13 15 17 11 9 4 28 3 9 37 33 31 14 39 1 27 2 17 9 33 31 26 8 2 5 30 40 22 36 20 18 15 24 20 3 34 1 13 8 11 11 5 5 31 14 19 4 5 31 40 11 26 13 33 
100 10
11 40 17 19 27 35 18 2 17 30 13 40 19 19 32 4 5 24 33 14 28 31 2 20 24 4 12 40 34 33 31 27 12 34 32 5 15 12 9 21 39 17 10 13 9 19 15 39 24 28 8 2 38 9 15 25 9 38 35 38 7 19 15 21 32 4 7 35 8 7 31 26 12 22 40 13 38 25 36 9 11 4 21 27 9 38 16 8 9 4 31 33 7 8 3 30 31 25 5 24 
100 9
27 1 2 4 2 30 34 11 31 26 39 10 25 8 24 2 35 17 13 11 23 38 11 23 21 9 24 5 17 38 2 38 33 11 23 3 35 19 17 40 24 32 31 32 37 19 34 22 19 37 33 5 33 15 38 32 8 39 21 27 35 39 32 19 9 7 20 37 39 11 16 8 1 34 5 2 21 36 7 24 6 35 17 4 31 3 1 35 4 21 34 26 2 37 10 6 7 18 21 36 
100 5
26 16 21 26 20 2 10 15 29 1 39 14 38 23 21 37 15 38 4 11 13 21 3 21 1 10 30 1 17 14 25 14 20 7 3 10 19 7 30 35 1 18 17 10 14 19 13 33 14 38 6 23 27 39 23 9 35 27 34 34 26 28 21 5 11 13 7 5 2 12 38 9 20 10 13 4 18 8 8 13 9 32 12 5 3 28 7 28 29 19 23 28 30 25 27 3 17 17 35 22 
100 22
36 18 36 30 7 31 10 30 9 22 20 22 22 3 16 33 27 12 39 10 17 35 23 9 36 39 37 33 15 23 32 31 15 3 9 6 36 14 31 16 3 21 13 1 11 11 10 22 4 21 14 33 25 37 39 40 30 2 34 13 22 1 30 2 36 12 34 30 4 4 21 38 26 29 37 37 40 20 20 18 11 10 1 11 26 3 29 11 38 30 32 17 22 23 14 37 36 26 24 2 
100 4
18 8 13 26 16 3 13 34 18 8 17 22 33 9 36 32 3 27 34 11 1 14 40 27 16 27 6 1 11 5 40 30 6 8 2 1 16 29 13 10 7 29 3 6 40 3 22 8 21 38 13 25 26 34 22 32 4 37 27 22 34 11 39 11 10 24 39 11 35 35 40 29 22 17 20 29 35 17 6 32 30 12 22 13 24 27 12 4 20 22 9 19 24 28 31 31 23 23 16 25 
100 25
18 38 21 34 28 12 26 15 35 17 38 11 14 10 15 11 11 1 28 22 13 11 22 10 25 6 25 18 34 8 33 25 1 14 17 35 22 26 40 26 28 38 37 39 20 40 7 6 16 21 11 4 9 16 36 11 34 12 24 40 25 6 37 19 8 2 40 6 32 5 24 30 26 34 11 11 3 33 26 23 18 20 9 35 21 31 32 22 25 10 38 34 33 7 10 14 40 36 39 36 
100 13
12 3 4 10 31 20 5 4 11 20 15 38 6 19 37 36 11 11 35 29 37 5 5 34 34 7 32 5 31 2 40 15 19 25 31 12 30 1 19 15 19 4 37 31 32 36 7 28 24 26 3 23 39 27 39 27 36 14 14 39 28 27 26 10 16 37 40 1 16 30 11 38 7 3 27 28 30 20 10 7 34 3 28 31 13 17 1 26 5 21 32 24 6 10 36 36 21 11 29 7 
100 21
39 29 6 10 33 25 20 39 37 30 21 15 36 37 11 8 40 28 6 10 37 15 32 26 17 35 26 16 11 28 21 23 18 33 22 27 20 27 24 7 28 20 31 27 13 28 29 3 17 25 39 15 38 8 31 12 21 3 10 26 12 21 2 24 25 28 23 27 22 40 17 13 6 2 34 25 21 5 12 22 23 26 2 9 19 21 24 15 7 4 10 39 16 12 40 14 3 17 6 28 
100 0
15 12 10 36 40 27 30 33 12 15 4 22 2 4 31 17 18 10 35 20 3 9 35 8 3 24 14 5 11 17 7 5 20 40 15 4 24 5 1 13 31 17 40 2 15 8 27 32 30 39 2 39 25 24 32 27 3 16 25 38 13 3 32 38 29 30 1 9 31 36 35 18 10 5 23 20 10 25 30 6 26 5 24 38 10 35 11 29 19 31 22 39 13 23 37 23 32 7 28 18 
100 2
26 2 8 17 20 34 5 28 36 36 17 35 26 36 12 39 4 31 40 2 2 27 4 39 30 14 2 21 11 16 1 25 2 32 3 35 8 18 20 24 21 5 39 28 40 2 11 31 33 29 25 39 13 27 37 23 6 24 2 11 14 18 7 4 20 13 33 28 2 31 30 38 19 24 8 32 25 40 1 30 33 1 18 17 19 11 34 21 1 31 40 27 3 3 8 1 4 29 26 24 
100 8
37 34 28 34 20 33 40 38 19 40 34 27 4 8 11 38 7 9 1 33 18 21 37 4 31 31 34 38 33 28 33 38 17 26 25 6 32 15 2 4 4 28 22 2 8 27 1 32 9 22 32 2 27 20 19 39 23 5 16 40 6 17 31 23 18 19 27 3 36 2 40 10 20 21 20 4 9 31 7 5 25 12 35 24 17 8 18 25 35 30 8 15 25 28 32 25 35 37 23 11 
100 26
13 6 10 22 12 37 22 26 35 25 24 11 12 5 17 23 22 29 6 15 18 28 19 19 28 40 26 10 19 15 1 7 18 13 5 27 38 15 17 26 14 18 24 24 11 21 4 22 20 22 28 6 21 14 36 20 3 5 40 15 15 35 13 34 14 4 25 9 33 18 18 8 28 34 2 35 9 35 1 30 4 25 21 36 5 24 33 9 14 9 7 5 37 39 35 21 23 6 36 5 
100 26
32 23 7 13 30 22 7 18 20 11 6 5 8 27 31 4 36 19 12 12 38 26 33 35 4 7 33 22 24 14 6 31 30 2 7 22 16 7 4 3 32 36 28 23 31 5 35 33 14 33 37 14 19 29 36 40 8 31 7 40 32 36 19 9 19 23 33 40 20 31 3 7 33 8 10 35 12 4 9 18 27 22 6 1 35 24 31 21 34 36 4 34 10 38 24 18 8 32 2 34 
100 14
39 26 1 28 29 27 35 38 26 31 40 32 25 5 37 17 33 3 4 3 22 33 15 3 34 3 36 19 10 15 33 30 36 22 6 23 30 29 10 19 12 4 14 24 1 13 37 36 23 1 23 37 11 20 22 26 23 27 4 27 8 29 8 31 39 12 24 6 40 10 22 17 24 26 36 12 18 33 27 8 19 17 14 23 1 37 21 35 5 14 2 17 10 27 37 3 15 14 29 1 
100 4
1 28 14 15 1 5 31 4 4 35 32 5 23 1 12 38 22 28 14 9 5 15 26 24 29 37 34 11 2 16 4 20 15 5 38 16 11 18 23 36 15 30 16 26 13 19 32 40 25 26 36 14 6 18 26 12 14 13 20 32 30 39 29 6 39 21 32 20 6 16 11 3 8 4 37 28 23 14 27 5 36 34 24 16 36 25 27 8 5 40 34 3 37 35 3 5 24 32 15 2 
100 22
2 40 32 8 11 21 7 35 21 20 33 17 8 33 23 20 25 29 20 12 35 12 16 4 15 36 32 38 7 36 4 26 17 34 39 3 26 37 18 2 31 38 35 38 8 15 37 24 30 28 9 16 35 17 1 30 12 30 17 10 32 20 39 24 26 7 12 11 29 9 40 20 38 14 12 17 17 33 7 10 13 25 9 24 23 20 29 3 2 29 26 21 34 18 25 15 29 33 36 6 
100 29
28 35 18 35 11 34 1 19 8 19 16 5 7 19 15 27 20 23 38 24 33 35 13 29 33 12 6 10 26 5 11 2 3 37 18 35 24 37 25 30 33 28 24 12 22 37 3 9 8 31 12 29 21 5 30 13 19 17 19 22 21 19 7 19 22 19 2 21 35 31 12 31 17 32 34 12 35 4 19 5 19 37 11 16 11 8 38 4 7 19 15 11 26 26 31 5 12 23 32 5 
100 10
31 32 39 39 32 37 1 4 26 1 2 7 10 39 39 14 29 40 14 27 39 13 5 5 40 40 17 15 36 5 25 14 24 25 6 37 26 34 20 20 26 40 22 19 35 33 10 12 15 23 22 22 9 19 7 21 30 36 27 38 7 17 29 19 8 11 29 2 39 16 35 16 4 2 36 6 27 25 15 32 17 6 12 38 29 15 35 5 9 8 14 22 15 14 38 38 4 16 17 24 
100 2
22 19 5 24 21 27 34 3 28 28 35 7 22 4 17 38 30 32 34 18 22 37 7 31 19 29 8 7 22 11 17 34 14 9 19 39 19 34 34 32 13 24 8 16 32 9 31 18 18 1 8 2 18 4 25 4 40 8 35 25 17 18 9 32 1 1 40 31 23 6 24 24 27 35 22 26 37 2 31 7 13 15 15 8 20 33 21 38 26 9 14 34 7 15 34 21 18 22 28 29 
100 4
24 26 9 37 9 4 23 39 18 21 14 20 30 39 16 24 23 5 8 1 14 5 12 36 13 27 6 1 8 18 40 40 8 20 40 32 7 31 2 1 10 37 33 16 7 19 15 10 37 5 33 8 19 27 23 34 3 13 24 36 10 12 22 38 14 31 38 25 14 10 35 30 33 11 11 14 18 34 40 12 40 29 15 9 9 6 27 34 2 31 19 34 13 15 33 5 35 35 31 8 
100 23
24 23 16 34 1 30 25 18 37 39 30 34 12 8 21 24 5 3 29 27 11 22 28 38 20 40 7 20 25 13 22 6 25 35 10 37 14 18 11 22 7 29 14 16 40 12 4 26 39 11 10 23 37 6 33 36 29 20 17 29 9 26 30 15 25 22 14 4 11 23 25 6 37 4 39 3 7 22 19 8 37 13 13 31 34 1 10 3 29 7 26 24 7 34 5 34 31 39 28 30 
100 12
25 31 19 8 31 15 14 26 29 37 36 4 14 15 26 22 20 10 12 5 29 18 27 18 25 28 15 17 38 28 5 21 4 7 9 30 9 37 26 5 19 3 1 26 22 27 14 1 22 12 11 17 34 35 4 25 9 35 29 22 26 24 27 27 33 20 28 12 33 4 12 11 32 33 22 6 2 3 32 25 17 10 23 6 31 34 9 11 22 22 25 33 5 8 23 29 14 17 29 17 
100 10
10 21 12 27 4 31 39 26 15 36 29 5 16 9 12 19 13 35 18 27 33 30 22 19 29 16 2 37 12 2 5 34 9 19 36 34 18 33 20 36 8 7 15 37 31 14 40 25 1 5 40 32 1 22 37 39 40 9 15 12 37 16 7 11 28 15 24 36 36 37 40 10 11 5 1 6 5 8 21 12 7 39 8 33 18 24 19 11 2 38 39 22 15 30 31 5 5 26 34 30 
100 20
6 28 21 8 24 33 27 8 23 10 40 40 38 9 15 18 40 35 30 8 21 24 12 16 33 31 39 29 28 39 17 12 39 37 31 36 24 2 2 2 4 12 39 35 2 18 4 14 9 16 2 13 37 24 23 25 19 24 18 29 18 11 38 10 16 4 35 31 36 13 26 31 21 18 33 28 28 35 11 27 25 2 13 6 22 14 3 7 28 37 13 34 12 35 21 34 11 31 10 27 
100 0
11 32 7 27 30 12 9 3 4 22 11 16 9 6 37 28 27 30 22 7 14 8 1 29 21 30 1 6 2 14 18 33 24 5 16 28 14 25 6 29 32 12 31 38 31 35 16 32 30 12 11 6 29 12 10 10 13 33 4 2 14 35 24 10 30 6 37 5 15 15 4 20 18 40 35 14 11 32 1 10 14 11 19 11 29 35 34 39 8 30 39 34 4 5 33 10 5 40 13 15 
100 22
20 26 5 25 3 29 8 31 30 27 10 1 2 26 25 16 38 2 22 5 31 1 10 14 31 33 23 5 21 27 29 19 35 25 7 38 37 25 37 28 7 13 28 24 35 40 14 30 29 32 16 31 3 14 12 24 13 14 7 20 2 25 11 22 39 32 2 29 22 16 17 29 20 9 19 11 29 28 27 37 18 40 15 28 23 8 19 38 11 40 7 29 8 17 2 23 18 32 4 37 
100 2
35 24 13 23 22 25 29 10 33 29 23 3 21 26 19 9 40 14 36 22 1 37 16 32 7 11 34 13 9 29 30 8 4 24 11 18 10 4 3 35 23 6 9 11 37 13 33 7 30 28 25 21 34 35 23 31 22 11 39 37 8 19 34 30 13 15 6 38 10 14 2 20 39 39 24 20 13 19 4 17 2 15 29 18 36 17 3 30 26 14 12 38 32 16 13 22 24 23 25 37 
100 13
34 26 33 16 21 34 2 16 24 21 29 27 33 4 9 7 23 32 18 10 25 27 35 28 17 10 27 6 39 36 4 14 35 21 38 12 40 37 34 10 9 30 25 32 11 11 35 39 9 9 13 31 11 33 3 28 30 3 6 16 34 25 8 25 33 16 30 4 28 34 2 33 12 23 26 12 15 37 23 30 13 31 31 34 14 33 27 33 22 12 30 40 15 28 29 10 19 22 18 21 
100 3
17 19 9 38 5 40 32 37 39 26 16 21 13 13 11 22 8 8 36 4 21 23 39 37 33 14 16 31 28 36 11 1 15 33 29 33 39 6 33 9 4 18 28 35 34 6 36 24 31 39 4 11 33 17 39 21 31 5 1 6 20 22 6 10 13 15 8 8 31 33 15 7 22 5 32 35 7 3 25 6 14 5 7 11 22 20 21 24 6 8 9 16 34 9 5 24 28 22 15 20 
100 26
13 9 10 6 40 6 39 34 30 18 31 20 24 4 34 6 35 26 8 3 40 3 9 13 24 26 37 20 31 40 33 23 16 15 32 7 31 22 10 14 19 25 6 1 32 32 1 19 29 27 34 24 27 13 28 21 10 38 13 37 32 32 17 29 21 28 13 34 7 34 1 4 34 25 28 33 8 16 17 36 18 39 13 40 3 11 22 34 9 9 8 6 39 30 5 10 21 2 34 34 
100 23
15 10 24 4 32 21 6 29 15 12 4 7 19 18 15 36 7 40 28 9 40 38 20 6 3 5 22 13 32 1 33 37 34 32 16 26 13 40 11 25 21 8 9 15 18 10 30 10 6 40 37 17 3 14 17 7 29 25 12 6 7 17 10 12 23 33 17 36 4 12 18 1 31 5 6 40 2 8 1 39 40 9 16 7 29 19 22 24 18 29 25 25 31 16 26 28 39 1 40 37 
100 11
11 8 6 10 24 24 6 11 15 10 7 24 25 19 33 24 8 26 37 6 32 40 14 2 32 28 7 18 16 17 29 24 26 18 29 29 29 1 33 6 34 37 31 12 33 8 23 19 16 30 19 2 1 34 39 23 20 34 14 40 15 27 30 3 30 14 37 27 28 19 34 27 19 29 9 25 3 2 23 34 35 24 9 30 3 12 38 10 19 38 13 5 31 8 23 40 36 31 7 28 
100 27
36 37 3 11 37 40 11 32 9 25 10 26 36 5 33 16 3 37 36 27 21 12 37 20 19 37 34 10 12 16 2 3 8 18 31 27 12 21 29 8 16 3 25 33 24 31 16 10 34 11 34 2 36 8 27 30 6 28 17 4 9 27 13 11 37 20 32 2 40 21 19 22 8 23 5 36 16 35 14 32 30 13 24 27 29 36 27 7 13 38 10 18 40 38 4 5 25 25 4 23 
100 13
3 23 3 3 29 4 16 26 3 10 19 3 15 33 27 5 15 28 23 16 22 17 39 24 33 7 10 36 24 40 12 19 17 8 1 28 36 3 14 28 18 36 16 16 24 22 10 36 6 12 19 21 8 4 15 14 10 34 12 14 11 25 40 29 37 26 33 15 30 28 40 16 27 1 16 40 31 5 7 8 36 26 9 12 31 13 7 25 1 9 4 39 18 23 13 38 38 8 18 20 
100 6
15 40 38 33 8 35 30 38 17 2 8 40 6 39 8 27 9 8 21 37 40 11 35 1 22 10 32 36 27 2 34 40 38 7 39 21 17 24 27 23 34 7 30 6 39 27 20 11 12 18 17 12 6 26 12 34 10 27 21 14 23 1 7 38 30 14 29 23 1 24 40 33 32 8 38 4 10 3 25 11 9 12 17 28 2 34 26 1 36 3 3 22 20 35 23 38 28 20 24 30 
100 7
10 40 14 3 30 29 20 21 36 2 12 34 33 30 16 1 31 8 16 25 35 16 13 32 6 35 9 20 11 9 37 19 4 18 23 34 9 30 40 1 26 22 20 21 38 11 24 4 33 9 37 23 34 8 31 7 17 24 24 39 35 27 36 16 35 21 18 12 24 20 8 12 14 18 23 36 40 22 6 20 8 13 28 34 32 19 21 39 31 9 28 40 3 22 18 20 14 8 25 4 
100 4
8 7 13 3 16 2 36 9 32 9 29 16 34 27 13 36 22 6 16 27 3 4 27 39 33 19 28 13 38 5 40 23 5 11 21 7 16 19 38 15 11 20 24 15 4 29 34 21 28 8 23 1 13 21 33 38 34 30 4 38 25 26 37 30 8 18 12 9 26 9 8 21 1 20 3 33 15 1 37 34 40 37 30 23 24 36 29 40 32 38 17 17 10 25 14 7 10 33 21 20 
100 22
38 18 8 23 35 26 33 24 21 21 9 17 29 6 17 1 34 16 3 40 28 37 8 35 16 18 20 3 38 33 15 8 8 9 4 4 14 29 32 26 39 30 24 2 21 17 7 28 23 35 28 21 22 6 25 22 5 5 17 38 14 16 24 34 14 35 3 5 32 8 22 25 32 1 29 36 36 22 17 3 34 11 14 8 23 16 5 8 24 15 29 34 10 24 1 9 21 31 34 29 
100 26
10 36 34 12 3 31 33 10 20 15 24 4 13 26 23 40 40 29 37 9 4 5 30 19 6 5 29 6 38 3 4 20 19 20 12 7 20 5 25 7 13 16 28 17 18 20 9 36 1 32 26 3 31 1 24 22 2 40 10 19 26 13 28 32 10 9 17 5 7 33 20 7 36 26 9 39 32 34 34 19 15 19 14 20 11 33 20 35 37 15 27 19 12 7 3 19 2 29 1 34 
100 11
27 31 26 34 22 37 3 29 11 6 33 32 35 39 16 28 1 18 14 39 30 24 39 38 40 37 36 34 24 2 35 39 10 20 33 28 15 40 22 33 27 5 13 10 7 20 24 15 1 9 25 37 13 14 11 20 39 14 24 23 27 34 24 4 29 37 4 19 30 33 24 16 36 31 33 19 34 27 20 19 27 22 2 2 36 32 1 22 29 27 29 36 37 10 10 20 34 20 34 23 
100 4
20 6 37 21 28 9 12 40 22 6 13 38 12 4 9 7 5 35 16 29 30 23 15 23 2 4 40 38 22 24 37 40 30 16 29 34 21 20 14 21 2 31 32 37 16 6 37 4 16 1 36 3 32 22 26 6 28 2 28 23 24 35 25 29 22 18 6 7 25 38 8 9 12 26 19 11 22 39 23 24 15 11 6 35 31 14 12 31 25 28 33 32 22 29 12 5 33 6 35 24 
100 9
27 18 26 6 36 2 28 5 37 22 8 22 18 40 3 39 11 23 25 40 17 5 2 7 37 39 27 38 14 38 40 6 39 22 21 27 20 15 38 4 2 26 23 30 28 5 11 35 26 30 14 5 5 12 15 15 19 22 5 28 19 18 26 13 26 25 33 33 34 35 28 11 11 23 18 11 11 35 18 32 6 17 3 4 22 21 13 22 7 24 40 30 21 11 37 32 14 10 5 37 
100 29
25 35 16 12 19 3 8 7 15 40 24 33 3 6 2 10 23 12 37 9 2 30 21 9 19 2 10 6 32 27 13 3 19 9 23 39 21 21 38 35 13 34 8 25 32 7 1 15 34 15 14 32 14 1 26 31 19 39 22 1 22 15 10 13 8 3 22 19 17 11 40 24 34 12 18 1 39 35 39 19 23 13 30 10 15 22 28 10 11 22 26 7 18 17 16 10 10 21 11 9 
100 22
12 15 8 4 7 15 29 11 8 35 4 38 4 26 18 29 22 9 17 31 38 16 13 18 2 13 34 27 1 7 4 6 21 18 5 15 25 13 17 18 17 17 16 21 33 37 6 39 10 40 15 16 24 3 5 38 7 20 13 24 37 36 31 36 14 13 14 29 35 29 27 21 21 5 8 11 5 12 9 39 19 17 15 24 27 13 40 39 24 6 24 29 12 37 8 13 37 8 7 36 
100 0
16 35 5 38 35 4 37 19 2 1 37 38 14 33 39 37 37 22 22 12 24 34 21 21 25 5 28 21 33 11 2 19 20 30 36 36 10 18 12 18 14 22 25 19 33 40 8 39 31 25 23 15 13 36 36 17 2 27 1 30 25 39 31 17 17 3 38 13 1 10 14 38 36 35 11 31 40 18 32 39 1 28 4 25 16 39 14 17 1 39 20 11 11 33 24 25 12 35 28 1 
100 24
9 25 22 7 18 34 37 17 34 37 16 13 12 9 8 33 23 30 33 17 14 35 35 30 39 27 28 37 38 3 20 34 34 19 10 15 17 6 17 13 14 12 35 19 14 34 33 20 7 8 22 33 31 37 30 1 13 20 16 23 26 20 1 24 26 19 12 34 10 39 8 11 5 19 3 14 7 26 38 18 11 32 23 9 26 33 9 39 16 20 17 16 5 24 5 19 18 28 2 40 
100 22
35 38 28 21 28 2 25 9 26 4 15 29 30 34 17 30 36 39 6 5 39 18 3 7 5 25 15 23 40 28 5 24 17 1 17 21 11 39 15 27 31 34 26 31 7 38 23 17 14 16 37 1 16 40 9 23 17 35 38 24 25 15 7 13 13 28 8 30 38 25 37 27 3 28 14 19 4 30 25 38 24 22 31 29 33 29 29 16 15 25 4 25 24 9 23 19 13 24 7 34 
100 20
29 14 24 11 8 22 27 11 20 17 30 12 20 5 4 31 34 37 39 31 30 5 33 34 4 7 5 3 33 6 32 14 29 7 16 5 33 7 1 5 31 35 23 10 38 8 1 26 27 5 32 11 15 8 16 36 8 38 39 29 23 7 31 7 1 16 39 4 26 12 32 24 25 33 31 39 27 1 1 24 35 5 38 19 20 10 23 23 15 8 7 24 11 12 17 12 29 17 32 31 
100 12
40 14 40 17 10 28 22 7 18 14 37 10 11 1 3 38 28 2 11 28 8 10 19 35 36 24 28 14 2 6 27 35 35 14 35 21 6 37 24 17 10 3 31 4 21 3 16 12 13 36 5 13 26 11 31 27 34 33 37 32 35 14 36 24 23 36 40 19 2 20 19 27 13 13 8 16 7 16 5 17 23 37 10 15 22 2 21 25 13 37 23 4 38 31 6 9 9 7 14 38 
100 4
40 27 27 21 32 36 4 33 27 12 29 39 2 32 18 20 25 29 4 6 2 21 19 35 24 25 7 15 19 38 11 25 31 9 23 12 17 9 25 6 6 39 16 7 30 15 40 16 9 2 33 8 11 20 29 13 7 23 16 15 34 32 17 40 27 17 17 17 25 35 39 7 37 27 1 39 7 6 33 10 12 22 29 40 11 1 27 34 35 21 8 19 11 1 25 38 11 13 19 27 
100 1
12 34 36 19 25 17 3 33 22 24 31 28 32 22 15 20 3 36 23 30 11 9 29 24 40 12 17 13 17 8 34 26 17 27 19 38 1 11 28 8 18 37 20 5 27 20 3 7 22 5 28 2 14 15 33 14 19 19 6 14 35 11 36 24 2 20 26 12 30 34 32 13 28 40 33 28 39 18 9 37 32 3 19 1 27 10 3 40 35 21 21 18 23 20 3 15 26 34 32 37 
100 24
31 24 29 30 8 5 18 39 18 27 21 19 24 33 36 21 1 37 2 1 35 12 1 11 11 36 15 22 27 25 39 30 35 39 26 8 37 11 7 28 31 13 21 9 10 33 2 27 38 27 14 10 7 11 7 34 17 40 20 6 30 17 32 27 12 29 19 13 22 25 19 1 3 6 26 1 35 14 29 36 16 32 4 3 4 13 20 30 13 13 36 19 25 32 21 31 11 5 21 10 
100 14
8 15 27 20 39 10 25 22 8 31 22 14 32 3 14 2 17 28 33 4 2 7 22 16 27 35 19 27 9 28 36 29 3 11 18 39 26 19 21 12 34 18 11 7 26 24 34 22 7 37 12 16 16 4 25 11 14 22 24 15 20 19 22 13 9 30 33 28 22 14 36 19 6 36 15 39 25 23 27 17 39 17 11 25 37 1 16 31 13 23 17 1 34 23 19 14 35 40 11 35 
100 15
7 25 18 31 7 9 7 33 10 40 40 40 35 31 17 34 31 10 30 22 26 4 2 9 8 9 16 32 11 29 36 37 19 26 37 33 27 13 37 20 12 10 20 35 33 11 12 19 4 15 12 29 20 38 28 2 22 34 35 4 31 26 15 18 36 28 18 9 25 2 30 24 11 17 30 3 9 4 17 5 24 39 10 6 3 27 33 39 22 39 36 20 40 20 36 33 40 9 30 7 
100 11
37 13 2 22 22 3 18 7 2 28 37 19 1 15 3 10 23 23 34 14 26 16 30 30 37 31 27 38 37 2 3 37 15 40 2 40 17 37 27 12 13 19 35 13 25 17 10 3 7 39 21 15 3 9 36 7 6 32 39 30 17 27 36 19 14 35 29 19 3 12 4 16 33 31 10 32 9 13 26 35 23 14 36 7 17 4 24 26 17 7 12 35 25 10 40 18 20 15 37 31 
100 7
8 26 14 12 34 13 13 23 3 29 17 11 13 40 7 3 22 18 3 6 37 20 27 21 26 24 2 18 35 31 38 7 26 30 34 11 14 8 19 19 31 35 14 1 29 33 17 33 18 34 37 13 2 33 9 20 32 14 18 7 38 40 20 40 33 33 38 39 5 13 30 37 24 29 23 13 5 39 36 29 28 6 31 20 35 4 19 30 31 9 30 3 31 5 22 35 33 1 8 20 
100 8
28 26 34 10 30 3 2 32 33 3 27 36 37 6 33 1 20 22 34 23 7 9 25 26 32 6 39 11 36 33 4 9 10 5 12 26 16 12 33 38 19 6 39 22 16 31 19 39 29 8 3 14 20 15 17 5 33 7 26 4 19 23 13 38 17 13 39 28 5 6 17 6 12 40 16 6 31 24 38 13 4 24 18 32 30 4 21 36 10 22 18 3 14 9 25 40 1 38 34 22 
100 6
23 30 4 33 14 37 39 34 21 28 39 9 33 12 39 31 38 28 6 2 36 12 26 38 6 34 5 20 38 16 15 33 21 35 5 10 34 32 31 14 37 12 30 38 15 11 27 17 23 18 14 1 40 31 38 28 2 38 11 13 3 28 24 32 40 25 25 30 30 23 33 7 6 39 10 4 18 14 26 35 19 10 12 23 21 10 8 30 17 2 33 14 9 24 24 35 15 27 38 30 
100 21
33 36 17 25 38 1 28 5 15 4 16 4 1 2 24 4 7 34 32 2 10 6 29 38 22 34 29 12 1 38 26 8 15 17 39 6 28 36 12 13 35 13 22 16 35 26 1 16 34 25 35 36 34 31 15 39 1 35 20 8 25 35 28 29 6 24 21 16 29 29 20 3 14 25 22 19 25 17 17 20 25 28 27 24 27 10 38 20 5 32 26 37 23 40 27 14 31 2 23 13 
100 6
37 14 38 15 40 8 25 36 24 21 23 32 6 36 37 40 19 16 25 9 21 27 18 11 22 22 9 7 31 27 35 11 2 38 2 24 36 26 31 24 32 23 14 33 17 30 16 9 18 6 5 3 17 40 14 6 6 36 20 22 35 3 28 24 19 11 16 31 5 2 22 20 1 10 1 20 35 23 9 3 14 4 19 11 25 23 4 3 18 5 16 35 10 26 25 36 24 5 12 28 
100 14
7 19 2 32 6 14 31 26 4 25 35 5 6 13 6 24 24 12 35 40 14 15 25 40 32 21 10 17 26 39 16 23 29 40 31 26 8 20 14 33 40 5 21 31 9 31 20 33 4 29 6 17 35 28 38 29 8 2 29 36 11 36 18 7 30 20 7 12 4 23 9 19 3 40 19 37 31 16 19 5 21 21 27 2 27 30 32 38 38 28 29 4 4 29 1 18 23 8 32 12 
100 28
8 13 10 18 22 26 24 1 28 25 15 1 22 20 30 13 11 20 39 5 23 31 14 24 26 11 13 11 32 29 39 34 26 20 25 24 28 22 10 38 18 2 1 37 25 29 25 5 25 38 40 19 20 14 24 3 15 3 16 24 36 40 35 24 39 35 40 14 2 34 14 21 5 28 25 1 17 24 11 6 23 24 10 11 5 33 20 7 29 14 9 11 20 21 32 34 7 1 20 35 
100 7
30 22 26 6 28 34 33 18 17 15 26 21 34 14 25 39 34 17 3 24 27 18 19 3 16 12 22 2 37 38 1 25 33 8 20 13 40 16 1 25 33 32 13 20 40 25 26 12 2 6 34 35 35 33 35 26 35 36 8 1 37 33 25 38 26 9 19 2 37 40 32 23 7 27 26 9 39 5 5 39 21 22 20 23 26 5 39 40 25 17 5 27 5 33 14 37 10 10 36 26 
100 9
34 5 29 3 3 19 14 21 26 32 24 38 27 27 10 8 20 20 25 13 33 30 24 16 24 12 6 11 3 2 4 38 25 14 7 36 36 36 19 1 38 20 9 40 16 11 39 6 40 17 29 10 8 3 35 29 9 36 35 14 17 19 30 12 36 21 14 14 14 14 20 1 35 12 40 31 24 26 12 40 22 34 6 20 36 18 28 8 17 39 9 31 33 26 38 27 37 27 7 11 
100 8
4 11 25 6 27 21 12 20 8 37 28 14 11 17 18 24 9 37 5 19 24 11 35 15 35 24 20 38 19 3 13 24 19 2 40 26 31 13 12 5 35 25 31 9 18 33 37 1 36 21 23 15 26 2 14 1 3 19 23 13 35 14 1 38 37 40 39 21 1 20 18 32 28 33 24 27 2 10 28 39 6 22 10 36 31 13 12 39 38 21 4 13 14 40 26 39 30 16 40 6 
100 13
23 21 14 24 2 30 31 1 25 22 15 32 33 3 8 35 28 23 35 30 17 14 18 29 17 34 19 35 8 24 35 15 36 25 15 12 36 14 27 3 30 7 1 36 37 38 23 5 13 14 10 38 9 33 11 38 30 5 8 29 16 10 23 3 34 6 2 15 14 17 35 33 2 36 26 4 5 40 25 26 30 22 40 36 5 21 25 19 18 39 5 39 3 22 22 11 35 28 19 4 
100 9
10 30 38 6 8 9 40 27 28 28 27 27 29 35 25 33 30 14 37 16 40 8 27 1 32 16 31 9 14 29 29 25 11 26 28 27 14 34 40 36 20 36 27 39 12 9 6 39 22 39 38 37 21 28 35 12 25 23 23 28 33 4 18 14 2 7 40 5 11 36 5 6 28 35 38 24 5 25 31 39 14 8 37 11 8 40 21 29 29 29 40 26 30 24 22 33 15 13 25 10 
100 17
18 31 18 8 14 2 18 15 32 36 12 37 28 17 14 21 23 21 2 28 11 27 1 36 34 9 2 37 22 16 4 7 8 29 35 37 34 31 19 13 33 19 5 11 10 11 12 33 19 37 1 32 3 39 16 31 38 40 28 36 34 37 30 39 18 6 2 30 35 32 10 16 12 33 23 27 36 23 21 20 13 11 19 10 14 33 27 11 32 3 13 12 18 22 15 15 27 9 6 7 
100 6
15 24 3 8 9 24 16 3 11 34 15 34 36 36 36 19 28 32 36 13 13 37 30 35 11 3 39 1 12 36 38 33 32 10 24 13 40 17 34 6 33 32 14 37 34 28 4 2 25 34 2 6 9 14 31 33 4 26 29 10 7 3 38 35 9 27 6 20 16 19 32 15 4 11 15 10 36 30 10 10 28 27 13 27 2 28 40 34 14 33 21 40 23 21 21 5 27 6 17 26 
100 6
40 19 7 25 22 22 24 39 29 22 35 29 36 13 21 23 20 40 2 15 24 27 21 27 11 18 9 6 32 3 11 38 1 17 39 6 37 9 35 15 7 28 20 39 24 28 16 7 9 20 5 11 18 5 30 6 12 33 5 9 15 9 36 17 13 26 25 2 14 8 33 33 3 8 37 6 25 15 35 17 26 10 28 6 27 20 11 17 5 24 37 39 16 16 31 22 21 3 31 40 
100 9
7 11 10 23 21 24 14 34 10 16 36 22 32 31 19 20 19 33 25 31 15 34 2 4 8 19 39 15 11 39 30 15 10 1 4 9 34 35 16 35 20 19 19 1 9 2 32 34 12 36 19 35 15 18 8 9 37 10 12 9 23 2 29 12 32 9 19 40 27 7 37 10 5 37 14 40 29 34 20 10 7 6 27 12 22 25 8 28 39 4 32 21 6 25 26 38 1 13 37 38 
100 9
39 1 8 37 7 17 27 24 24 25 23 38 39 15 17 1 19 35 23 18 17 39 35 28 12 26 2 13 5 33 36 3 29 24 22 17 27 27 11 37 4 35 37 7 26 11 30 38 23 15 24 36 39 19 18 18 15 16 14 6 30 2 16 16 38 26 24 31 35 18 6 14 36 31 34 39 31 36 36 1 14 8 23 35 39 12 25 33 11 37 24 11 15 36 22 39 1 39 1 1 
100 6
33 36 11 36 10 20 22 24 39 32 32 3 37 34 37 7 40 30 5 5 1 12 1 2 1 20 13 19 17 4 20 24 6 40 26 21 2 20 18 6 21 40 5 28 3 37 11 5 7 9 40 25 35 15 27 26 31 39 31 14 28 2 22 22 22 34 1 28 23 23 1 30 12 22 32 4 25 31 19 10 39 6 32 11 40 2 14 36 36 28 36 8 36 37 19 35 34 27 33 20 
100 6
23 5 23 37 11 39 11 17 10 36 36 38 14 34 16 16 3 22 11 15 36 2 9 13 39 20 7 3 10 27 17 22 29 23 5 35 28 10 21 29 31 34 32 23 14 15 26 25 23 34 24 32 9 38 24 5 25 30 16 28 13 27 6 24 2 26 35 5 30 17 21 11 26 25 28 5 27 1 24 20 14 35 21 10 32 18 2 20 26 29 35 23 33 1 38 21 6 33 26 27 
100 7
14 8 8 13 23 36 16 8 17 13 14 13 3 27 5 40 16 34 14 37 36 28 2 25 17 10 15 15 22 24 12 32 30 30 4 16 12 4 34 26 9 36 38 21 11 9 19 20 38 29 13 27 9 14 19 3 17 29 19 20 6 22 25 18 32 22 1 25 34 7 11 35 31 10 39 19 8 28 12 21 1 14 39 1 7 8 15 9 19 37 13 38 10 27 12 32 35 28 2 29 
100 6
17 35 13 17 12 27 36 1 12 1 3 3 33 12 35 22 21 18 4 27 25 5 36 5 13 7 14 15 20 10 4 29 1 37 24 9 5 6 8 18 17 3 8 18 16 28 35 32 40 20 2 32 19 31 28 18 20 6 29 22 9 12 19 39 10 17 30 20 20 31 7 14 35 7 31 7 33 9 13 16 35 18 10 21 8 19 11 16 11 29 13 2 19 4 5 31 20 2 10 39 
100 27
25 31 11 1 13 11 21 30 36 5 14 29 11 28 9 7 35 14 20 2 9 22 3 8 6 38 14 1 11 36 22 3 3 22 35 38 17 16 13 23 22 14 23 24 12 15 38 36 7 14 5 14 30 11 7 28 30 32 27 39 16 29 19 32 20 1 11 32 10 33 1 7 39 27 16 38 20 33 20 14 28 12 8 2 34 26 21 25 8 3 26 30 9 28 5 19 21 20 30 39 
100 12
31 37 4 40 20 30 34 25 7 28 20 31 26 22 33 1 36 1 19 27 15 30 23 1 5 6 36 1 6 37 21 34 30 23 8 28 12 3 40 36 12 27 19 40 13 4 10 8 3 12 6 22 23 24 12 34 35 5 15 16 17 35 15 11 6 40 10 37 40 32 38 17 33 6 39 10 13 1 4 20 20 40 30 10 22 22 1 31 7 13 8 8 10 10 18 39 18 12 34 29 
100 15
10 31 34 1 22 38 11 3 39 33 23 23 10 19 24 16 8 5 27 20 10 33 27 30 24 25 18 32 4 23 31 18 4 5 17 17 35 11 19 2 27 12 27 39 8 25 37 17 9 23 35 40 11 21 38 10 9 22 20 30 5 3 13 1 38 38 26 9 12 31 6 39 31 18 2 12 34 4 24 28 13 7 23 17 23 23 3 31 2 21 6 2 25 6 11 34 19 31 31 39 
100 13
7 26 21 36 17 14 2 35 19 23 37 10 15 21 32 19 15 39 3 39 19 23 20 22 1 37 29 1 40 29 4 18 22 34 22 17 27 8 32 31 26 30 17 25 32 40 28 19 24 40 25 21 27 36 3 9 7 29 25 32 17 29 27 8 34 22 27 38 3 25 9 23 24 2 10 18 2 31 6 29 5 30 8 8 10 32 40 37 14 34 3 8 30 2 26 7 18 7 4 16 
100 16
39 23 20 11 30 17 22 36 22 13 31 35 13 1 31 15 6 20 27 23 10 32 31 18 25 18 2 17 28 33 15 16 32 26 20 39 12 12 3 25 29 22 2 10 37 15 9 11 34 32 13 2 13 7 38 27 10 13 23 7 1 32 6 29 36 30 20 22 2 11 11 8 7 5 40 11 35 35 17 32 10 33 28 12 18 31 15 29 20 2 9 35 20 7 24 7 9 27 11 5 
100 14
2 5 39 24 36 1 35 11 26 1 28 22 36 17 8 15 21 35 38 1 37 19 19 14 36 29 5 2 8 15 7 32 3 11 20 40 21 14 34 38 25 22 2 37 25 6 33 14 15 18 17 26 28 16 11 13 37 20 10 23 40 38 32 37 27 1 31 26 12 26 38 17 33 15 27 36 35 26 1 31 24 13 20 35 9 31 11 3 7 17 25 14 19 37 28 15 32 13 29 14 
100 20
37 15 13 32 11 7 1 37 29 19 37 24 21 29 8 11 31 29 30 16 27 20 28 36 32 33 7 10 11 31 28 10 24 24 15 28 18 38 7 30 8 21 22 27 22 34 1 38 8 4 13 25 4 3 12 27 13 8 9 18 21 23 10 18 3 34 10 4 15 35 1 32 27 34 27 14 17 34 3 35 40 28 8 38 34 28 26 38 19 3 34 27 23 29 18 32 36 13 26 14 
100 1
31 1 4 32 23 2 33 33 9 25 28 6 28 9 16 18 32 35 40 7 32 34 21 30 6 25 25 3 29 2 30 36 37 10 19 17 14 15 33 6 21 33 30 29 12 30 8 5 11 32 24 39 10 8 29 22 24 34 36 35 18 12 6 34 28 33 15 38 23 28 30 30 23 21 28 22 26 25 26 27 36 13 19 25 24 2 28 35 8 27 26 24 21 27 19 23 27 31 30 22 
100 11
21 12 34 1 12 38 18 4 11 20 25 20 3 31 3 4 6 21 35 26 22 31 14 4 10 30 18 27 20 29 14 31 33 12 13 15 31 19 21 25 3 8 33 3 39 18 31 15 29 5 12 14 25 35 27 30 39 38 26 24 34 19 18 2 34 33 1 33 3 10 12 16 8 26 25 8 9 8 33 12 35 14 32 26 11 20 17 13 21 39 17 13 30 5 40 7 28 11 1 22 
100 17
34 38 14 13 21 32 25 36 16 16 10 40 7 33 14 11 30 5 9 33 26 38 1 38 33 15 9 11 34 8 33 26 13 39 2 39 12 25 1 40 19 14 35 34 37 22 27 30 34 15 19 19 30 15 3 18 10 17 1 36 3 24 15 26 40 40 18 11 3 36 5 11 16 24 34 14 22 22 9 5 25 20 22 13 30 16 6 23 35 22 2 19 20 36 22 2 23 22 14 16 
100 23
38 24 10 31 34 6 7 38 27 22 15 10 37 29 21 18 37 9 26 7 32 27 1 30 38 35 23 29 23 31 23 8 22 25 24 31 39 4 9 35 39 10 26 29 13 20 6 13 7 31 21 7 35 6 28 11 14 10 19 20 21 37 3 7 4 38 2 6 3 17 40 14 20 38 26 6 1 22 15 11 19 26 6 36 13 10 24 19 33 27 18 30 7 16 2 31 3 36 29 15 
100 15
23 15 34 32 1 20 14 3 34 7 22 9 30 5 39 9 22 22 34 36 34 31 22 22 2 37 17 6 8 33 12 27 4 30 1 14 8 5 25 3 7 30 38 4 26 5 30 13 9 12 31 3 28 6 11 22 14 25 21 25 4 26 27 29 26 12 24 24 3 1 21 37 35 1 7 19 22 38 32 33 1 23 38 29 26 35 1 14 34 21 9 8 29 9 7 27 14 23 28 34 
100 29
31 4 28 29 19 27 32 35 9 15 35 12 1 33 21 5 23 22 2 8 30 28 26 23 15 7 24 33 2 34 25 12 13 32 14 35 21 5 29 30 36 20 15 18 23 14 23 22 27 17 16 16 14 8 27 23 27 10 28 3 28 5 16 24 30 2 9 34 23 11 6 27 31 36 33 8 32 29 39 15 2 20 33 32 15 37 9 27 27 7 20 40 12 40 26 8 8 7 12 39 
100 29
28 7 36 35 33 28 24 11 40 36 16 16 23 3 18 11 7 18 13 23 16 32 6 10 31 22 25 1 14 25 32 35 24 35 37 12 4 38 19 5 22 1 35 30 35 29 6 14 26 11 13 5 23 40 18 17 33 37 28 23 12 15 18 23 9 27 25 27 19 4 33 32 21 8 15 13 6 30 12 40 22 22 12 30 2 15 34 38 19 7 34 13 4 40 23 4 25 31 3 19 
100 17
40 34 39 29 26 16 23 21 13 14 4 39 39 4 22 5 39 21 20 10 7 16 18 10 15 20 7 40 29 35 13 27 28 25 32 26 5 37 8 14 27 38 22 9 19 24 2 10 9 14 6 11 24 25 20 5 6 9 39 3 39 39 15 33 18 14 15 26 22 13 19 11 12 8 10 21 27 15 27 4 7 1 37 30 9 2 37 37 9 38 32 33 16 29 11 32 40 30 29 35 
100 23
24 30 16 10 23 11 40 11 31 6 31 34 33 26 8 39 40 16 10 24 36 20 16 7 13 5 18 9 7 5 33 23 25 19 34 34 10 10 18 16 15 38 4 37 33 3 25 19 19 27 13 40 36 19 5 4 38 6 33 26 35 29 21 17 34 5 24 32 8 7 32 4 35 15 3 22 16 10 4 15 12 37 19 26 3 6 19 28 15 15 30 6 38 17 16 5 10 31 36 12 
100 14
3 25 2 10 28 5 32 8 16 14 31 39 12 29 31 2 11 19 14 3 6 21 40 1 17 15 17 5 4 37 22 29 24 8 21 25 30 9 29 10 38 33 20 27 30 14 23 11 3 21 14 18 15 19 29 38 20 11 23 3 2 33 37 27 2 24 39 15 24 21 9 25 14 38 2 37 36 38 7 4 23 38 5 21 15 5 28 29 23 14 23 28 11 20 1 27 9 11 35 28 
100 26
31 15 27 34 7 11 38 1 24 23 1 17 40 37 20 2 10 6 33 12 15 34 21 20 31 11 15 26 15 3 11 22 5 26 29 36 24 33 9 38 14 35 1 35 17 1 27 16 32 13 34 20 34 14 3 15 34 30 21 5 22 22 19 23 31 36 13 33 24 40 24 18 23 4 20 11 14 35 36 8 38 30 11 23 7 17 36 40 31 19 11 22 28 35 14 26 12 12 26 36 
100 16
23 25 29 14 36 16 3 11 40 19 40 2 9 15 37 40 10 9 1 17 7 4 8 40 11 38 30 7 24 18 5 28 9 36 37 32 21 37 8 38 27 13 29 26 13 38 35 14 31 27 10 21 16 38 24 5 33 5 25 26 13 38 23 6 9 11 33 40 24 20 17 29 39 37 19 15 37 36 9 2 40 34 38 22 9 22 15 4 14 35 19 14 16 8 40 13 34 31 13 8 
100 12
14 37 36 25 35 40 17 9 10 40 40 16 22 13 2 11 1 17 7 22 30 19 31 13 33 35 13 17 20 22 34 24 34 18 20 9 27 5 13 2 31 3 26 32 40 29 15 32 22 6 39 28 21 8 36 32 18 1 29 37 18 36 4 39 17 10 37 32 16 15 29 13 22 31 36 5 16 31 39 14 38 24 29 39 18 4 29 13 28 33 7 26 10 18 19 15 39 4 5 1 
100 15
19 6 2 17 2 22 30 9 32 16 20 12 7 15 3 19 8 25 5 27 39 15 27 18 12 12 39 5 6 1 9 39 5 37 32 15 26 18 38 13 16 22 35 25 29 28 26 36 27 26 34 28 17 13 16 11 9 30 12 28 36 2 14 10 24 25 21 34 2 13 36 19 22 33 27 15 5 16 18 36 1 21 38 28 37 31 34 35 33 10 21 34 39 13 24 26 12 26 17 21 
100 23
19 15 14 40 36 32 7 20 36 7 7 40 11 1 24 7 23 21 26 4 11 31 34 8 16 18 33 1 22 14 6 4 29 35 31 29 32 13 32 28 5 18 6 31 14 2 40 17 18 20 9 4 13 12 36 24 33 7 31 38 29 5 27 19 13 26 38 14 9 39 5 10 25 34 15 26 40 4 17 18 31 32 36 19 8 15 36 22 11 4 28 36 10 21 4 18 24 18 23 32 
100 24
9 26 27 32 31 11 27 30 35 19 30 18 11 10 7 39 21 22 6 40 10 1 16 14 3 38 24 37 16 3 29 12 26 21 26 17 3 22 12 26 37 31 20 35 27 21 15 38 4 21 17 17 24 14 7 7 37 29 18 40 6 26 25 7 39 16 34 36 31 20 29 25 36 15 7 3 12 30 36 16 2 23 18 34 21 13 38 33 18 38 9 35 28 23 35 15 15 29 32 18 
100 28
19 3 3 28 13 11 30 23 34 27 28 31 1 31 11 25 36 29 23 21 12 38 9 26 2 7 20 13 14 29 16 17 31 22 30 34 28 2 27 25 3 39 8 29 34 8 19 16 17 14 33 17 16 3 19 27 29 19 38 29 26 35 31 10 35 1 6 37 22 10 10 38 40 9 20 19 10 33 6 16 32 29 20 34 20 18 38 31 22 8 9 25 3 27 35 20 18 15 11 25 
100 11
31 9 5 36 12 6 6 10 39 38 38 35 4 12 3 14 36 35 9 14 7 4 12 23 30 28 25 29 23 26 36 37 40 6 21 33 22 2 34 20 10 39 1 21 7 40 33 16 8 30 26 34 30 21 4 13 24 23 19 12 13 35 8 4 9 9 22 11 19 34 3 25 1 8 35 32 15 35 17 4 7 3 16 18 9 40 9 20 34 32 27 31 25 9 34 37 5 32 18 25 
100 7
39 29 3 8 12 3 11 3 10 20 15 16 22 33 28 3 38 16 28 29 31 12 26 35 37 11 35 11 27 21 6 6 10 3 1 4 6 32 29 23 9 5 9 22 21 32 36 3 17 38 20 15 40 21 4 6 31 4 26 38 21 29 17 2 18 33 31 16 37 24 5 14 4 25 10 12 9 10 31 35 4 33 29 33 25 39 39 30 6 5 36 19 7 27 28 36 37 34 9 7 
100 3
11 2 14 31 24 4 27 21 3 17 4 32 1 26 6 37 7 1 19 3 16 40 8 21 16 40 15 17 18 37 5 17 30 7 39 14 3 1 9 5 8 26 18 23 39 39 7 25 1 21 21 21 3 32 29 35 35 27 30 7 23 22 36 17 1 13 32 38 5 9 27 29 39 19 16 4 20 11 16 30 23 33 37 32 26 40 12 28 18 19 9 8 34 17 13 8 20 27 9 27 
100 13
10 15 40 29 24 38 30 28 26 13 8 2 26 26 30 8 27 17 36 17 22 30 40 30 31 19 24 30 17 19 1 30 35 5 6 13 19 29 13 19 20 11 23 10 25 6 8 38 26 19 35 30 21 33 2 14 25 9 25 38 21 31 4 31 1 20 31 17 23 14 14 13 30 4 6 34 37 29 22 39 18 25 40 21 22 22 27 24 28 31 6 40 26 40 36 28 5 10 35 10 
100 16
5 22 35 31 15 21 22 32 34 36 10 10 13 21 11 11 15 12 29 17 39 20 38 21 11 11 33 31 22 9 38 27 16 8 21 20 9 33 31 6 32 27 29 24 36 16 23 26 25 30 7 26 5 28 6 32 39 39 39 9 6 34 7 19 3 40 23 9 5 23 39 10 13 18 32 30 33 21 16 23 22 38 28 19 28 20 12 2 2 15 13 16 30 17 21 35 14 36 36 10 
100 3
30 22 15 38 38 23 22 27 3 16 8 33 33 31 33 8 11 3 17 27 28 37 9 4 24 32 38 26 24 8 6 26 35 4 19 29 15 3 1 36 3 25 20 13 35 13 8 31 32 31 26 7 18 29 2 18 35 21 6 25 37 36 3 3 16 30 33 12 13 8 25 30 30 1 36 35 14 28 28 25 7 30 28 7 37 6 22 22 1 17 7 23 34 32 20 4 32 25 24 19 
100 0
29 10 35 22 5 18 24 30 11 4 28 36 13 33 28 11 29 25 1 33 29 21 3 37 16 1 3 34 38 4 1 35 31 11 38 16 7 10 38 23 15 35 31 14 38 40 31 33 40 16 6 28 23 9 6 26 10 19 37 33 3 31 33 26 18 9 31 7 37 16 1 31 32 14 23 39 13 36 18 17 29 13 38 38 39 40 9 21 12 8 3 18 28 32 29 32 25 2 25 25 
100 13
32 29 16 15 26 26 23 8 31 9 15 10 38 37 9 34 27 34 8 39 19 36 39 15 23 39 32 6 21 26 40 39 16 7 33 37 7 38 9 8 15 29 27 5 25 3 13 5 33 6 34 6 37 33 13 6 30 3 25 1 23 34 12 21 11 14 8 19 38 37 19 11 31 23 26 7 34 14 11 17 4 23 11 12 39 32 26 25 35 34 16 8 8 28 15 33 3 17 1 22 
100 0
32 29 32 23 8 32 29 9 32 26 38 14 35 17 13 26 29 36 1 21 15 35 13 24 14 1 15 2 22 5 8 11 8 12 15 2 26 37 38 30 9 15 19 36 26 19 23 33 9 9 6 36 10 7 4 2 11 17 35 26 7 21 25 38 8 15 11 15 5 36 16 16 10 16 20 28 26 37 8 39 13 37 1 12 1 38 40 26 37 22 9 29 4 15 27 15 18 4 5 40 
100 18
6 26 34 38 2 37 17 21 40 30 23 9 13 22 4 38 11 12 24 18 19 23 2 24 33 2 14 3 32 12 17 26 21 33 24 9 34 5 9 28 12 7 30 7 38 31 39 15 2 5 27 39 4 23 8 1 12 39 17 6 40 2 22 11 11 39 34 6 23 31 19 6 17 7 34 35 34 31 23 8 23 29 21 37 34 18 26 18 13 40 22 22 3 13 33 1 36 22 37 8 
100 14
29 39 10 14 21 5 36 30 26 12 13 20 23 16 3 40 8 16 35 4 14 12 1 21 25 26 23 39 5 21 1 2 29 32 25 25 10 31 14 2 3 16 25 34 16 27 1 8 38 5 9 13 15 32 21 22 24 32 6 18 39 32 40 36 9 22 17 26 13 37 23 8 13 37 2 8 14 1 15 32 39 32 19 6 27 34 17 25 26 23 38 21 20 16 9 29 37 30 30 36 
100 3
40 30 39 14 8 20 13 22 25 8 5 1 23 28 35 32 32 3 9 35 38 29 37 31 30 17 9 19 2 38 20 23 25 3 6 19 40 9 9 30 5 7 9 7 19 32 32 28 19 39 14 11 21 29 7 26 5 39 2 8 13 8 32 18 18 17 18 36 18 13 17 16 12 19 32 39 17 29 1 16 13 16 24 31 34 22 36 7 31 19 10 28 33 1 11 31 34 20 35 31 
100 8
18 23 32 11 35 34 24 34 8 23 29 22 30 31 25 39 7 10 30 32 8 13 26 24 3 29 21 14 24 34 4 2 27 39 22 37 23 35 24 3 29 2 27 27 28 20 6 7 22 10 5 20 26 18 9 34 5 7 24 22 9 29 8 38 37 5 18 18 12 13 36 36 8 24 31 13 8 26 7 40 8 40 34 17 8 5 40 31 15 25 25 37 16 33 21 8 31 8 32 31 
100 26
36 21 33 4 11 40 9 34 5 5 3 30 36 5 30 9 25 15 18 37 40 16 22 14 9 22 23 30 31 31 11 35 17 25 28 3 18 33 19 7 37 27 28 20 32 13 33 23 31 3 10 32 40 14 21 37 33 20 13 12 36 33 12 2 1 39 7 28 9 40 12 14 8 5 27 33 38 39 7 28 27 11 29 2 37 10 2 11 14 38 9 12 29 21 8 3 35 11 31 19 
100 30
27 8 15 39 37 31 35 38 7 32 11 7 21 1 20 28 21 25 20 21 23 16 5 8 31 30 13 39 9 26 31 34 40 24 22 24 19 7 7 27 33 11 9 5 5 24 6 20 26 23 16 33 19 33 5 20 28 6 18 1 19 23 7 37 19 37 9 35 34 7 35 18 14 15 6 36 32 16 8 26 23 25 24 23 7 40 7 40 36 35 20 40 6 25 35 28 4 7 12 30 
100 13
21 27 29 9 33 25 21 19 9 14 31 18 6 30 38 22 38 37 18 12 21 30 28 33 33 23 28 22 26 12 22 38 10 19 4 15 38 10 30 2 1 23 7 31 33 21 25 17 11 27 22 11 15 38 21 34 1 25 40 3 15 8 1 38 5 20 39 2 2 14 20 11 5 9 24 31 1 23 12 40 38 27 5 11 29 17 11 2 14 9 13 40 36 20 21 24 16 19 34 20 
100 15
23 33 29 8 18 22 29 27 19 30 9 29 8 19 39 40 34 8 38 17 24 37 3 25 8 19 12 7 6 23 22 12 2 4 17 4 27 13 25 22 27 22 21 1 7 18 24 27 12 25 4 5 39 16 28 2 1 34 32 26 24 37 1 35 27 1 19 6 24 31 21 8 28 4 8 34 40 20 37 9 15 39 24 25 32 24 36 14 18 8 17 36 32 39 17 6 8 17 19 5 
100 20
30 4 9 4 5 21 6 33 21 3 30 25 25 19 32 38 40 23 14 31 18 35 12 28 8 16 18 20 33 8 1 12 8 39 30 18 21 18 8 30 20 13 38 6 39 21 2 10 31 36 9 6 3 38 1 26 22 33 12 16 12 27 17 15 36 7 17 16 30 38 19 5 10 10 34 38 34 8 33 16 16 31 40 28 27 1 1 23 17 29 20 5 16 2 17 27 3 13 4 14 
100 14
25 8 40 19 24 30 12 21 31 10 28 38 33 1 16 5 4 20 24 38 11 18 25 38 30 32 19 21 13 11 4 18 25 19 37 39 27 31 36 35 20 6 3 36 26 27 32 34 37 17 12 18 38 20 1 16 9 15 33 36 26 5 30 8 3 33 8 38 30 35 4 30 12 6 39 8 27 24 27 1 29 4 31 14 1 25 2 27 4 12 37 31 11 31 14 6 40 36 14 26 
100 3
4 27 23 25 13 9 27 15 24 22 10 15 36 8 8 17 29 15 21 1 38 9 38 15 25 27 8 33 3 22 20 36 20 16 21 23 24 12 29 15 3 29 23 31 7 6 37 30 34 8 4 27 33 30 31 21 10 7 8 27 23 25 38 7 31 35 22 6 10 6 16 39 10 13 3 35 40 7 26 40 33 30 24 15 28 15 23 26 10 36 20 19 4 14 7 11 8 1 22 20 
100 27
39 8 13 9 28 16 14 12 5 39 4 2 31 16 34 5 12 1 36 24 23 17 19 26 5 25 29 35 40 25 26 4 29 35 6 22 13 22 30 33 6 7 20 4 16 36 3 15 6 4 17 25 27 3 21 35 3 22 38 33 21 38 19 9 8 36 19 15 6 12 1 2 10 19 25 39 8 34 28 28 5 29 5 30 18 17 10 7 14 39 19 38 27 24 23 34 30 31 28 38 
100 4
23 35 18 23 29 37 35 39 34 9 3 29 15 23 24 23 30 29 27 29 28 25 33 29 19 16 33 8 35 31 26 4 12 23 15 10 39 24 12 37 11 28 16 32 4 8 19 18 20 16 3 15 39 4 15 6 37 27 8 25 8 34 10 24 40 6 18 18 28 33 30 40 23 32 17 28 26 15 3 34 30 9 1 7 25 6 38 36 9 24 30 17 6 38 9 7 17 39 36 19 
100 4
38 4 3 26 3 16 3 5 31 6 25 5 17 29 12 23 7 19 6 26 27 35 8 39 5 35 12 37 15 10 3 31 36 1 26 28 35 15 24 10 25 38 33 32 27 31 1 35 15 34 32 8 29 27 13 17 15 23 26 23 23 35 12 20 34 3 38 30 21 25 37 5 34 1 9 36 15 22 31 39 10 7 27 30 29 27 11 8 25 5 18 18 21 8 3 9 32 12 7 13 
100 28
36 36 6 39 34 21 30 8 17 8 29 4 28 26 30 19 25 34 1 32 27 11 15 36 19 11 31 33 22 34 20 1 5 16 17 27 4 18 24 29 28 38 4 39 4 8 39 18 30 23 40 6 19 3 20 34 23 37 19 26 30 18 34 2 8 12 24 9 39 2 20 40 29 33 8 22 18 33 38 29 36 31 38 25 7 2 24 40 23 17 14 17 21 21 14 29 13 38 36 39 
100 9
35 8 4 30 6 4 16 12 32 4 5 13 25 26 13 21 32 37 22 4 27 10 4 31 3 13 20 20 5 18 7 10 9 14 9 21 19 16 13 26 8 29 22 29 19 37 13 2 26 37 22 16 5 13 21 3 25 19 33 21 10 32 39 22 9 37 11 17 10 12 23 23 36 18 13 7 15 6 6 30 5 6 1 16 17 14 39 30 27 5 5 30 27 26 33 8 3 4 23 21 
100 17
4 4 30 36 32 28 13 23 14 16 31 3 5 19 29 7 26 13 27 4 10 23 16 32 12 10 28 7 19 9 16 19 3 23 40 33 28 22 10 23 9 17 10 33 13 24 37 21 29 39 25 9 11 25 14 8 39 11 12 34 21 32 19 19 21 38 31 5 27 9 1 11 39 17 1 25 15 25 17 1 8 7 17 33 30 7 30 6 5 20 40 23 31 20 31 9 30 16 35 29 
100 23
19 40 22 7 35 35 7 40 7 22 35 2 39 11 9 27 5 34 33 27 13 11 6 24 30 39 10 17 12 15 15 5 33 22 14 32 3 10 22 15 35 34 8 15 8 39 31 20 38 29 35 20 30 8 23 14 20 27 6 30 14 37 17 8 11 11 17 10 35 20 7 39 5 11 20 17 24 33 9 39 4 23 13 4 6 21 23 16 22 10 15 40 40 40 26 16 7 14 12 15 
100 1
19 22 28 36 12 31 5 18 39 34 35 33 35 25 2 13 11 19 22 26 31 34 33 39 9 2 25 39 22 38 5 4 14 31 30 12 16 9 37 30 13 25 25 13 7 34 10 16 38 13 12 17 35 17 22 40 14 18 4 12 11 15 23 31 23 6 15 16 15 28 31 31 8 25 31 20 26 10 12 33 31 25 25 29 12 4 7 11 35 26 29 25 26 7 33 8 1 32 32 5 
100 6
34 11 24 10 38 2 10 4 23 40 26 13 33 16 33 15 10 30 32 2 29 14 34 22 32 20 3 36 40 11 25 17 30 23 33 30 29 19 15 33 28 34 36 21 3 35 33 1 20 37 5 33 21 1 14 34 2 9 3 6 19 14 14 6 39 25 16 3 31 21 39 19 6 17 18 18 30 40 19 28 37 21 27 40 14 24 11 17 12 27 19 8 29 33 33 34 6 14 31 21 
100 17
7 3 21 17 30 27 5 31 22 31 1 25 11 27 17 29 36 4 25 10 7 24 4 35 24 22 24 15 12 32 29 3 7 16 31 32 36 1 20 12 28 17 15 14 20 18 17 1 10 29 21 11 15 26 39 7 28 20 37 40 6 39 36 33 5 26 7 19 37 18 38 20 29 14 1 32 20 4 16 28 7 33 26 23 30 39 27 7 29 20 12 40 5 35 10 11 14 4 2 25 
100 11
19 9 28 1 34 29 15 37 28 10 18 37 8 9 5 12 29 3 22 8 10 19 40 5 36 15 33 33 3 25 2 24 15 12 12 11 13 25 6 19 15 33 25 13 34 14 27 30 31 6 13 20 16 11 15 32 23 23 6 13 6 12 16 8 8 21 32 38 37 38 7 21 22 20 32 9 12 2 8 19 21 26 25 9 34 27 6 16 35 4 4 20 33 39 8 1 1 10 4 23 
100 11
6 40 4 15 16 40 29 38 29 18 26 11 39 20 27 27 18 35 4 25 6 14 40 9 5 16 6 37 7 23 32 21 6 10 36 19 5 18 23 24 36 39 29 25 12 21 4 29 21 31 25 13 15 33 14 23 9 6 3 36 34 22 37 4 13 30 27 3 11 2 27 35 11 13 7 15 24 4 6 9 9 5 40 9 33 8 2 2 36 4 20 2 12 7 32 34 11 38 12 28 
100 16
32 32 12 40 7 26 36 10 10 4 28 30 7 34 26 3 9 1 20 37 26 29 13 5 16 16 28 10 1 8 35 32 8 1 11 7 7 37 35 17 30 20 19 26 12 29 10 9 22 39 26 33 20 23 19 2 39 25 25 5 23 25 27 5 7 36 29 20 35 38 23 29 13 7 24 37 7 19 15 6 22 2 17 32 33 22 26 1 10 17 38 8 30 6 30 27 28 18 39 17 
100 20
28 4 8 18 9 13 30 13 30 11 14 7 40 30 39 13 10 26 3 16 2 32 9 40 8 30 10 25 16 35 38 26 32 10 15 12 36 38 5 15 36 8 32 36 14 6 30 23 18 13 17 15 7 24 14 26 2 11 17 25 31 36 36 14 21 14 11 24 34 3 38 35 13 3 28 6 27 31 24 4 33 9 10 26 3 16 18 20 31 18 37 11 31 12 24 31 24 30 10 24 
100 2
16 17 10 23 1 13 2 3 26 16 12 15 31 30 17 20 17 14 31 23 10 31 38 19 31 7 11 37 20 21 9 10 33 10 30 20 2 39 21 26 15 22 13 12 32 38 36 24 26 29 31 5 21 30 1 33 36 30 15 16 2 2 27 32 4 37 8 34 12 16 38 11 24 9 20 31 15 21 16 13 19 10 14 1 21 14 4 39 11 23 14 31 40 15 31 23 12 4 16 38 
100 11
30 26 3 38 13 29 4 24 18 3 27 3 38 35 11 4 22 36 38 22 25 5 38 15 30 7 19 30 18 27 29 28 29 14 19 10 3 39 24 33 4 1 13 39 31 38 26 27 35 28 32 22 13 21 11 10 26 23 26 37 22 21 12 7 19 13 24 1 18 25 24 38 25 12 11 30 14 29 11 39 10 23 30 23 29 1 27 18 35 38 3 33 17 10 22 38 26 4 2 18 
100 1
3 22 4 34 8 10 38 11 25 28 37 20 16 15 24 15 7 29 29 7 32 13 34 28 11 1 5 29 21 24 25 34 6 28 11 2 8 18 27 22 10 13 40 38 20 37 25 35 15 39 31 36 20 10 38 24 22 16 8 20 6 11 18 31 7 27 29 21 20 25 10 13 10 38 37 27 27 34 8 35 28 4 35 13 35 13 20 14 22 12 24 33 38 36 3 13 30 10 36 21 
100 30
35 1 31 14 11 8 15 31 11 8 40 18 12 28 25 14 33 6 27 5 12 6 25 4 8 6 27 32 21 16 4 19 25 38 15 23 33 26 26 28 9 35 19 33 23 17 19 33 40 26 4 9 29 28 1 39 36 17 4 26 39 37 27 21 1 16 29 38 32 14 14 3 32 16 16 31 32 24 23 3 15 28 36 19 27 31 17 2 10 28 39 29 35 11 36 25 34 12 13 5 
100 24
6 2 29 18 22 15 40 11 29 33 18 18 35 9 26 32 5 7 25 23 34 32 7 36 8 6 6 13 15 40 33 3 40 33 16 31 2 17 17 14 31 16 22 18 14 21 21 8 2 3 10 18 31 2 17 31 4 24 8 17 21 9 33 10 24 23 28 6 21 20 36 2 10 26 10 10 5 28 11 12 17 24 16 35 13 36 38 7 11 4 37 37 5 6 35 29 16 18 18 8 
100 3
33 19 15 18 29 7 33 31 2 35 7 9 1 29 20 22 19 21 8 19 37 28 36 21 20 31 35 34 1 12 20 14 26 13 8 11 10 34 30 13 2 40 6 25 18 18 6 24 39 33 30 34 4 26 3 8 32 21 22 30 32 36 36 39 14 16 35 34 31 20 27 18 21 15 8 15 24 12 28 1 5 32 38 24 13 4 14 19 17 32 26 3 26 26 30 25 2 37 19 1 
100 5
2 37 19 23 23 9 15 12 38 32 22 37 40 29 25 25 2 23 37 7 23 20 2 25 37 7 29 36 6 27 10 39 3 8 39 1 24 35 6 23 25 9 8 2 7 23 32 30 34 6 2 39 10 14 8 13 15 14 37 25 40 7 3 24 9 22 32 20 10 40 34 25 18 26 1 10 29 27 38 28 1 7 24 17 1 15 29 15 23 20 35 1 8 5 2 35 29 8 16 4 
100 8
28 26 6 39 26 40 14 17 3 33 2 33 38 11 26 22 16 1 27 8 26 29 7 35 22 30 13 15 9 18 19 19 18 15 17 9 23 8 18 38 29 1 9 2 23 23 21 30 1 34 6 8 4 17 40 12 28 13 20 27 31 6 40 18 29 11 28 7 31 36 39 1 36 35 24 4 30 28 35 14 18 38 36 34 20 15 30 18 19 6 9 6 18 14 4 1 28 1 17 1 
100 25
27 7 28 32 4 25 35 9 27 21 17 18 6 12 30 13 30 25 39 12 15 36 7 35 6 30 31 15 27 1 32 15 23 4 3 9 9 19 13 29 32 4 4 37 20 15 5 13 30 1 33 4 32 19 38 27 6 2 9 35 24 11 7 27 31 17 40 37 31 25 25 39 39 7 12 11 29 3 17 1 17 34 1 20 18 32 23 18 5 18 2 16 9 18 16 28 20 11 13 23 
100 22
17 5 11 37 20 9 36 3 32 16 21 33 31 35 6 7 7 17 25 19 16 15 4 9 39 6 18 2 5 24 11 6 13 16 14 15 27 20 14 32 27 23 17 7 20 11 4 2 31 32 2 37 21 23 22 34 28 37 40 13 18 14 37 11 30 40 30 16 6 3 32 33 30 22 40 2 11 36 32 30 25 37 12 35 21 27 4 32 20 4 1 35 15 31 12 6 28 1 5 2 
100 11
8 38 28 6 9 8 34 36 26 24 29 21 9 36 15 36 7 7 16 18 22 10 37 6 31 22 31 38 35 20 40 28 18 1 36 5 28 4 24 8 40 17 8 12 12 37 24 17 21 30 4 37 15 4 38 11 35 28 27 31 40 6 23 8 1 15 13 31 35 23 18 27 10 30 33 12 39 11 3 16 35 22 35 19 9 19 34 12 18 16 22 9 30 12 4 15 16 17 35 13 
100 30
38 25 15 3 28 20 34 11 30 26 18 35 15 15 26 29 7 27 7 22 14 5 24 36 4 5 9 9 11 21 23 29 16 12 30 2 29 9 24 19 27 11 11 9 28 30 16 8 40 21 23 21 36 7 27 25 36 32 17 14 12 3 30 37 2 13 14 20 35 28 23 21 17 11 3 33 14 22 28 32 16 24 33 6 38 15 16 12 35 30 19 34 37 23 4 35 11 18 23 28 
100 10
11 34 1 16 29 23 20 21 12 10 15 38 9 37 14 37 22 23 14 32 37 40 4 1 6 31 31 36 8 2 28 33 18 13 27 2 24 38 39 19 28 17 36 35 40 8 5 5 13 16 19 32 5 12 36 36 25 22 11 36 39 34 29 32 3 15 13 16 25 40 4 16 28 38 36 39 37 9 36 30 38 31 38 37 16 9 19 39 17 6 37 25 20 23 19 5 30 38 25 3 
100 6
8 26 39 20 28 25 26 1 1 32 31 25 16 19 38 17 21 11 16 14 6 2 3 37 14 4 11 20 25 40 38 20 39 5 36 5 33 27 18 33 26 20 28 4 6 3 13 18 13 15 7 11 24 3 36 9 38 5 25 38 2 30 36 29 1 34 35 11 25 30 29 5 31 8 12 34 23 28 33 23 32 21 9 22 21 37 13 18 9 34 28 36 5 38 5 11 26 40 34 34 
100 17
32 29 11 8 24 33 15 6 25 24 31 24 19 30 28 27 13 31 6 35 28 26 2 30 8 29 23 30 9 36 22 9 31 2 7 23 33 30 1 32 11 36 25 25 33 36 14 11 36 26 5 3 1 10 32 27 24 10 13 32 6 38 5 31 2 18 4 13 34 25 16 27 16 21 31 29 18 5 19 39 15 40 2 29 25 14 22 11 21 35 39 26 17 5 27 23 37 25 36 20 
100 27
2 39 25 5 16 32 30 19 1 39 32 36 2 5 15 25 10 21 19 26 30 21 31 32 9 37 4 39 27 39 16 39 38 17 5 12 37 33 8 12 3 21 34 26 40 34 6 24 30 38 16 32 18 2 27 30 14 29 27 35 18 9 5 6 39 22 12 28 33 40 19 40 27 31 29 17 15 27 6 3 39 14 7 16 27 18 34 32 20 19 6 14 32 24 31 18 31 17 3 21 
100 16
30 13 38 1 37 3 25 31 29 2 28 37 18 5 18 5 23 23 15 12 36 26 24 40 29 30 20 1 20 23 37 22 32 21 2 27 39 31 31 9 14 25 27 35 38 13 29 9 5 8 1 34 38 28 25 11 16 27 35 2 36 9 31 39 29 14 23 16 38 9 11 14 38 14 37 5 8 39 4 35 3 10 10 31 22 27 28 4 10 18 1 22 26 9 30 27 37 21 8 2 
100 17
17 38 40 20 30 29 2 37 25 13 21 2 33 13 25 37 40 37 32 31 28 10 6 1 19 28 22 3 19 1 30 38 12 7 33 3 3 17 19 17 36 29 3 11 27 13 7 12 19 37 32 39 33 14 28 39 8 16 29 27 18 23 4 6 34 27 34 17 12 40 25 33 5 24 34 9 9 34 9 26 1 13 37 10 20 34 17 26 2 14 34 24 37 40 37 26 33 1 13 9 
100 7
3 20 26 12 29 14 34 23 14 20 1 8 27 18 12 32 16 9 16 3 32 19 27 28 24 38 8 30 28 22 10 18 31 6 25 2 38 16 11 2 27 22 38 18 1 28 26 3 12 1 5 18 11 29 21 31 29 40 15 31 30 35 15 1 36 22 29 5 26 29 13 19 16 24 38 25 30 10 4 36 39 8 34 29 16 18 23 36 37 38 29 4 22 14 33 19 15 24 21 4 
100 25
14 25 2 15 10 17 2 14 10 5 9 11 7 4 40 33 38 28 32 21 21 16 39 3 6 7 31 4 9 5 31 17 14 32 17 18 12 28 36 11 1 4 7 2 15 14 34 5 18 22 33 34 14 10 18 24 17 39 7 33 28 17 26 22 28 39 23 20 2 27 2 16 11 35 1 18 31 40 3 24 20 15 23 19 2 13 13 1 35 9 17 26 6 16 30 19 40 28 4 8 
100 17
33 33 37 16 21 30 15 40 32 30 11 15 34 18 38 22 9 35 4 18 30 18 12 24 12 4 13 18 27 27 34 2 4 12 39 24 14 37 40 11 30 9 16 14 33 38 20 36 8 6 9 37 34 35 16 16 16 24 9 1 4 25 31 32 40 17 25 30 20 38 36 15 21 18 30 13 15 40 4 14 28 37 2 9 2 12 4 3 34 8 7 8 37 17 30 12 26 40 8 10 
100 28
7 8 38 24 21 19 11 26 14 11 8 9 10 22 33 30 18 6 22 9 37 18 16 22 23 20 20 24 17 11 12 32 5 40 23 16 31 27 23 40 30 27 39 28 34 40 34 7 7 35 24 19 26 8 26 24 14 19 24 32 20 5 3 22 35 1 6 23 6 16 26 17 13 39 25 38 25 24 23 36 23 40 16 26 32 31 19 7 16 31 38 16 11 16 4 20 27 11 13 37 
100 18
5 20 27 23 2 10 2 11 22 24 9 38 27 15 35 35 27 28 20 10 5 30 17 13 33 35 12 23 33 37 9 17 10 31 30 22 24 5 15 6 20 3 26 9 8 19 39 22 1 25 6 28 29 10 1 37 31 14 37 36 14 16 23 21 12 2 20 40 9 25 5 4 38 8 8 13 20 19 25 8 32 18 8 22 1 2 5 5 40 39 8 18 35 36 9 6 35 31 33 15 
100 8
25 23 33 17 1 19 7 20 28 15 21 28 37 18 37 7 31 33 17 37 30 9 37 33 35 7 12 24 29 22 10 3 3 2 2 40 15 10 13 9 21 39 38 22 26 7 3 35 18 2 9 31 35 16 18 5 31 8 8 28 38 18 33 16 19 5 40 33 26 36 39 35 23 4 39 23 19 26 14 31 22 12 34 35 3 31 8 6 3 26 9 39 15 14 16 17 39 8 25 21 
100 6
17 27 9 37 12 5 10 27 29 17 9 30 12 19 27 14 33 7 26 38 13 19 13 12 3 11 3 27 30 32 5 16 14 34 29 18 17 28 15 24 20 6 27 23 19 22 1 19 3 34 20 15 9 4 8 16 34 38 2 30 18 15 26 21 29 15 37 16 19 36 29 29 27 2 5 36 2 2 16 4 1 1 25 32 24 24 3 32 27 13 31 35 8 24 3 12 13 19 7 6 
100 24
14 17 9 39 37 10 8 19 4 9 6 11 17 22 3 34 8 13 25 8 13 9 15 40 2 19 8 31 20 35 16 5 13 39 35 20 21 11 40 19 3 24 24 5 32 1 35 19 4 8 26 30 39 8 18 8 39 19 10 39 6 17 37 27 39 1 19 3 7 16 6 25 12 23 13 6 28 6 22 17 10 26 33 1 15 14 29 34 17 6 27 12 29 27 25 16 18 10 11 37 
100 16
28 28 38 2 14 4 27 27 12 12 16 10 24 3 22 2 27 30 33 32 10 15 31 37 20 20 12 5 3 19 38 2 39 15 15 34 26 5 11 13 14 36 26 18 4 33 10 16 39 25 15 37 13 36 3 21 14 20 8 35 6 1 11 27 12 14 3 4 17 29 1 16 20 26 30 7 30 34 4 29 27 2 12 23 33 33 21 22 35 27 12 36 38 34 6 33 2 20 33 15 
100 20
12 28 31 26 14 24 16 29 4 34 21 21 33 39 36 15 36 20 32 11 36 24 9 31 10 7 31 1 31 25 27 23 29 5 26 5 24 9 14 13 36 36 8 17 10 14 17 11 14 33 9 33 22 26 9 26 27 31 39 4 28 7 7 2 13 8 15 9 39 35 8 32 11 7 2 7 15 15 4 11 20 5 6 29 39 14 3 10 5 20 35 7 33 33 11 21 28 29 12 4 
100 26
27 37 32 24 2 25 18 34 20 36 11 5 21 21 38 7 38 19 1 18 9 31 15 10 38 23 10 20 37 22 11 9 31 37 8 8 16 15 36 22 22 2 8 34 39 12 5 19 18 13 22 36 23 7 30 4 14 29 3 36 20 25 14 18 25 40 14 10 3 14 31 3 18 6 12 22 3 4 31 2 8 3 21 27 22 32 16 32 40 28 15 25 35 26 36 23 36 25 30 39 
0 0